ENCRYPTION
Plaintext P: 0000000100100011010001010110011110001001101010111100110111101111
Key K: 00010010011010010101101111001001101101111011011111111000
Ciphertext C: 0101001000101001111011011111111011111111100110010101000110111111
Avalanche:

P and P1 under K
Round  DES0  DES1  DES2  DES3
    0   1   1   1   1
    1   1   1   1   1
    2   7   6   3   3
    3   15   12   6   5
    4   24   12   5   5
    5   34   14   6   8
    6   35   26   8   10
    7   36   35   6   10
    8   35   36   3   8
    9   31   36   3   10
    10   26   32   6   15
    11   23   31   8   17
    12   30   28   6   14
    13   32   30   5   14
    14   29   33   6   17
    15   34   31   3   15
    16   35   34   1   11
P and P2 under K
Round  DES0  DES1  DES2  DES3
    0   1   1   1   1
    1   1   1   1   1
    2   3   4   2   2
    3   10   11   4   3
    4   24   24   5   3
    5   35   31   6   4
    6   36   25   7   5
    7   31   27   5   5
    8   27   36   3   4
    9   25   34   5   4
    10   26   36   9   5
    11   32   38   6   5
    12   34   27   5   4
    13   36   26   6   3
    14   32   32   4   3
    15   32   35   3   2
    16   35   34   3   1
P and P3 under K
Round  DES0  DES1  DES2  DES3
    0   1   1   1   1
    1   1   1   1   1
    2   3   3   1   1
    3   5   9   1   1
    4   17   18   1   1
    5   31   25   1   1
    6   38   30   1   1
    7   41   38   1   1
    8   42   35   1   1
    9   44   26   1   1
    10   36   27   1   1
    11   35   36   1   1
    12   39   45   1   1
    13   32   39   1   1
    14   29   36   1   1
    15   28   33   1   1
    16   29   29   1   1
P and P4 under K
Round  DES0  DES1  DES2  DES3
    0   1   1   1   1
    1   1   1   1   1
    2   6   5   2   2
    3   16   14   3   3
    4   27   29   3   3
    5   36   36   3   4
    6   32   31   3   6
    7   27   28   2   7
    8   32   26   1   6
    9   39   30   1   9
    10   40   37   2   12
    11   31   39   3   13
    12   27   36   3   12
    13   25   35   3   13
    14   26   32   3   14
    15   28   30   2   13
    16   31   29   1   10
P and P5 under K
Round  DES0  DES1  DES2  DES3
    0   1   1   1   1
    1   1   1   1   1
    2   3   2   3   3
    3   8   9   5   5
    4   17   26   5   5
    5   25   29   8   8
    6   29   26   11   10
    7   32   29   10   10
    8   32   34   6   9
    9   32   35   7   11
    10   34   32   12   14
    11   30   29   13   16
    12   34   30   9   14
    13   40   34   6   14
    14   33   27   7   16
    15   33   31   5   14
    16   33   34   2   11
P and P6 under K
Round  DES0  DES1  DES2  DES3
    0   1   1   1   1
    1   1   1   1   1
    2   3   3   2   2
    3   11   3   3   2
    4   21   3   3   1
    5   31   10   4   1
    6   40   23   4   2
    7   43   33   3   2
    8   38   37   2   1
    9   29   34   2   1
    10   28   32   3   2
    11   37   32   4   2
    12   35   33   4   1
    13   26   33   3   1
    14   29   31   3   2
    15   25   29   2   2
    16   18   23   1   1
P and P7 under K
Round  DES0  DES1  DES2  DES3
    0   1   1   1   1
    1   1   1   1   1
    2   3   4   2   2
    3   7   6   3   4
    4   14   13   3   5
    5   27   21   3   7
    6   33   28   3   9
    7   31   34   2   9
    8   32   31   1   7
    9   32   30   1   10
    10   30   26   2   14
    11   33   27   3   16
    12   36   37   3   14
    13   31   36   3   14
    14   27   30   3   16
    15   28   26   2   14
    16   36   29   1   10
P and P8 under K
Round  DES0  DES1  DES2  DES3
    0   1   1   1   1
    1   1   1   1   1
    2   4   2   2   2
    3   11   7   3   3
    4   19   14   3   2
    5   29   23   4   2
    6   34   33   6   3
    7   30   36   7   2
    8   31   40   6   1
    9   31   42   8   1
    10   30   33   11   2
    11   39   29   12   3
    12   38   33   12   2
    13   31   32   13   2
    14   31   31   16   3
    15   30   30   20   2
    16   36   31   17   1
P and P9 under K
Round  DES0  DES1  DES2  DES3
    0   1   1   1   1
    1   1   1   1   1
    2   2   2   2   2
    3   2   5   3   3
    4   6   10   3   4
    5   14   18   5   6
    6   25   23   7   7
    7   36   30   8   9
    8   33   33   7   8
    9   29   29   9   10
    10   35   31   14   14
    11   33   34   15   14
    12   31   34   13   12
    13   33   30   14   12
    14   37   29   19   14
    15   38   28   23   14
    16   30   26   18   10
P and P10 under K
Round  DES0  DES1  DES2  DES3
    0   1   1   1   1
    1   1   1   1   1
    2   4   3   2   2
    3   12   5   3   3
    4   25   9   3   3
    5   34   11   4   3
    6   30   17   6   3
    7   36   24   7   2
    8   37   31   6   1
    9   33   32   9   1
    10   36   31   13   2
    11   31   36   13   3
    12   33   33   9   3
    13   38   35   9   3
    14   30   35   12   3
    15   30   32   10   2
    16   38   30   5   1
P and P11 under K
Round  DES0  DES1  DES2  DES3
    0   1   1   1   1
    1   1   1   1   1
    2   4   3   2   2
    3   12   11   3   4
    4   16   22   4   5
    5   22   32   6   7
    6   34   33   7   9
    7   37   27   9   9
    8   31   28   9   7
    9   31   30   10   9
    10   30   31   11   13
    11   29   26   10   16
    12   35   27   9   14
    13   34   33   7   14
    14   31   31   6   16
    15   28   31   4   13
    16   34   41   2   9
P and P12 under K
Round  DES0  DES1  DES2  DES3
    0   1   1   1   1
    1   1   1   1   1
    2   3   3   2   2
    3   7   8   3   3
    4   12   12   4   3
    5   23   18   6   4
    6   31   24   7   5
    7   24   23   8   5
    8   24   30   7   4
    9   27   34   11   5
    10   23   28   16   6
    11   21   29   17   6
    12   22   30   17   5
    13   23   28   18   4
    14   31   29   21   4
    15   37   33   25   3
    16   31   36   20   2
P and P13 under K
Round  DES0  DES1  DES2  DES3
    0   1   1   1   1
    1   1   1   1   1
    2   5   6   3   3
    3   15   13   5   3
    4   23   20   5   4
    5   26   26   7   5
    6   36   29   9   4
    7   41   31   11   3
    8   34   33   11   5
    9   35   30   15   6
    10   33   26   20   4
    11   31   34   21   4
    12   29   38   19   3
    13   27   38   18   3
    14   35   41   23   4
    15   34   37   28   4
    16   30   39   21   6
P and P14 under K
Round  DES0  DES1  DES2  DES3
    0   1   1   1   1
    1   1   1   1   1
    2   4   3   2   2
    3   7   7   2   3
    4   17   16   1   2
    5   30   24   1   2
    6   35   26   2   3
    7   35   27   2   2
    8   36   27   1   1
    9   34   28   1   1
    10   28   31   2   2
    11   26   34   2   3
    12   28   35   1   2
    13   38   31   1   2
    14   39   35   2   3
    15   34   42   2   2
    16   40   38   1   1
P and P15 under K
Round  DES0  DES1  DES2  DES3
    0   1   1   1   1
    1   1   1   1   1
    2   4   5   2   2
    3   12   9   3   2
    4   19   14   4   1
    5   26   24   7   1
    6   33   33   7   2
    7   33   37   7   2
    8   35   34   6   1
    9   36   32   7   1
    10   39   34   8   2
    11   37   30   8   2
    12   32   29   8   1
    13   33   27   5   1
    14   35   24   4   2
    15   36   26   3   2
    16   38   31   2   1
P and P16 under K
Round  DES0  DES1  DES2  DES3
    0   1   1   1   1
    1   1   1   1   1
    2   5   6   3   3
    3   10   15   3   4
    4   15   17   1   5
    5   23   17   1   5
    6   27   26   3   3
    7   24   33   3   2
    8   31   29   1   4
    9   38   26   1   6
    10   31   27   3   5
    11   25   28   3   4
    12   31   39   1   2
    13   34   39   1   2
    14   30   30   3   4
    15   33   30   3   5
    16   34   32   1   6
P and P17 under K
Round  DES0  DES1  DES2  DES3
    0   1   1   1   1
    1   1   1   1   1
    2   2   4   2   2
    3   4   8   4   3
    4   10   16   5   3
    5   24   23   7   3
    6   31   24   9   3
    7   32   25   10   2
    8   34   22   7   1
    9   30   25   8   1
    10   32   28   12   2
    11   34   23   12   3
    12   33   31   9   3
    13   35   33   7   3
    14   35   29   7   3
    15   32   30   4   2
    16   35   29   2   1
P and P18 under K
Round  DES0  DES1  DES2  DES3
    0   1   1   1   1
    1   1   1   1   1
    2   3   3   1   1
    3   7   6   1   1
    4   13   14   1   1
    5   24   23   1   1
    6   32   30   1   1
    7   33   34   1   1
    8   30   32   1   1
    9   30   30   1   1
    10   33   29   1   1
    11   33   30   1   1
    12   35   30   1   1
    13   34   27   1   1
    14   30   33   1   1
    15   25   37   1   1
    16   28   33   1   1
P and P19 under K
Round  DES0  DES1  DES2  DES3
    0   1   1   1   1
    1   1   1   1   1
    2   3   4   2   2
    3   11   7   1   3
    4   19   13   1   2
    5   23   27   2   2
    6   31   34   1   3
    7   38   36   1   2
    8   41   34   2   1
    9   41   26   1   1
    10   37   25   1   2
    11   30   26   2   3
    12   31   29   1   2
    13   30   27   1   2
    14   24   27   2   3
    15   31   34   1   2
    16   26   37   1   1
P and P20 under K
Round  DES0  DES1  DES2  DES3
    0   1   1   1   1
    1   1   1   1   1
    2   8   6   3   3
    3   18   20   5   4
    4   26   30   4   3
    5   28   30   6   4
    6   30   29   9   6
    7   31   37   6   7
    8   25   38   4   6
    9   32   34   6   8
    10   38   30   9   12
    11   36   22   6   13
    12   35   25   4   10
    13   28   35   5   12
    14   24   36   3   16
    15   25   32   1   15
    16   30   35   1   10
P and P21 under K
Round  DES0  DES1  DES2  DES3
    0   1   1   1   1
    1   1   1   1   1
    2   6   5   1   1
    3   16   18   1   1
    4   24   27   1   1
    5   25   26   1   1
    6   30   31   1   1
    7   39   32   1   1
    8   38   25   1   1
    9   33   24   1   1
    10   28   27   1   1
    11   30   26   1   1
    12   35   31   1   1
    13   32   32   1   1
    14   28   28   1   1
    15   29   36   1   1
    16   32   33   1   1
P and P22 under K
Round  DES0  DES1  DES2  DES3
    0   1   1   1   1
    1   1   1   1   1
    2   3   4   2   2
    3   7   10   3   2
    4   15   18   2   1
    5   25   26   2   1
    6   27   31   3   2
    7   32   30   2   2
    8   42   28   1   1
    9   37   29   1   1
    10   33   30   2   2
    11   31   29   3   2
    12   30   34   2   1
    13   39   38   2   1
    14   35   31   3   2
    15   27   27   2   2
    16   28   30   1   1
P and P23 under K
Round  DES0  DES1  DES2  DES3
    0   1   1   1   1
    1   1   1   1   1
    2   3   3   2   2
    3   9   9   3   3
    4   23   15   3   3
    5   36   22   4   4
    6   34   32   5   5
    7   28   33   4   5
    8   27   25   2   3
    9   31   27   2   3
    10   34   27   4   5
    11   34   25   5   5
    12   34   28   4   4
    13   29   28   3   3
    14   32   32   3   3
    15   38   33   2   2
    16   34   30   1   1
P and P24 under K
Round  DES0  DES1  DES2  DES3
    0   1   1   1   1
    1   1   1   1   1
    2   3   1   2   2
    3   7   1   2   3
    4   15   3   1   3
    5   31   6   1   4
    6   35   12   2   4
    7   34   19   2   3
    8   36   26   1   2
    9   30   29   1   2
    10   31   32   2   3
    11   28   27   2   4
    12   27   28   1   4
    13   31   37   1   3
    14   38   28   2   3
    15   42   31   2   2
    16   34   40   1   1
P and P25 under K
Round  DES0  DES1  DES2  DES3
    0   1   1   1   1
    1   1   1   1   1
    2   5   7   2   2
    3   16   17   4   3
    4   24   30   6   3
    5   29   33   7   5
    6   34   31   6   7
    7   30   29   5   8
    8   29   29   4   8
    9   36   27   4   10
    10   36   21   5   12
    11   34   27   6   14
    12   33   30   7   12
    13   32   30   6   12
    14   36   31   4   14
    15   34   31   2   12
    16   31   32   1   10
P and P26 under K
Round  DES0  DES1  DES2  DES3
    0   1   1   1   1
    1   1   1   1   1
    2   4   3   2   2
    3   14   8   4   3
    4   22   26   5   4
    5   28   31   7   5
    6   32   22   8   5
    7   30   26   8   5
    8   31   31   9   4
    9   32   31   13   6
    10   31   31   16   9
    11   30   35   19   11
    12   32   37   19   12
    13   39   36   18   13
    14   37   31   21   13
    15   30   23   25   13
    16   27   24   21   10
P and P27 under K
Round  DES0  DES1  DES2  DES3
    0   1   1   1   1
    1   1   1   1   1
    2   3   3   1   1
    3   11   4   1   1
    4   21   14   1   1
    5   25   21   1   1
    6   31   28   1   1
    7   36   34   1   1
    8   35   33   1   1
    9   33   34   1   1
    10   30   34   1   1
    11   31   34   1   1
    12   35   32   1   1
    13   36   30   1   1
    14   29   30   1   1
    15   19   30   1   1
    16   23   32   1   1
P and P28 under K
Round  DES0  DES1  DES2  DES3
    0   1   1   1   1
    1   1   1   1   1
    2   6   6   2   2
    3   16   13   2   3
    4   27   21   1   4
    5   37   34   1   6
    6   33   31   2   7
    7   34   27   2   9
    8   38   36   1   8
    9   35   31   1   10
    10   37   29   2   13
    11   30   41   2   13
    12   28   37   1   13
    13   32   30   1   13
    14   31   32   2   13
    15   28   31   2   13
    16   28   32   1   10
P and P29 under K
Round  DES0  DES1  DES2  DES3
    0   1   1   1   1
    1   1   1   1   1
    2   5   6   2   2
    3   17   17   3   4
    4   28   26   3   4
    5   30   29   5   5
    6   33   30   7   6
    7   34   29   8   5
    8   36   31   8   5
    9   34   32   11   7
    10   25   28   12   9
    11   28   28   12   13
    12   37   33   10   12
    13   39   34   9   13
    14   33   30   9   16
    15   30   25   7   13
    16   34   29   5   9
P and P30 under K
Round  DES0  DES1  DES2  DES3
    0   1   1   1   1
    1   1   1   1   1
    2   5   3   2   2
    3   13   9   3   3
    4   26   22   4   3
    5   32   31   6   3
    6   30   35   6   3
    7   30   33   5   2
    8   31   29   5   1
    9   27   22   6   1
    10   28   22   8   2
    11   33   27   5   3
    12   28   29   4   3
    13   28   33   6   3
    14   31   33   6   3
    15   33   33   4   2
    16   36   32   3   1
P and P31 under K
Round  DES0  DES1  DES2  DES3
    0   1   1   1   1
    1   1   1   1   1
    2   3   3   1   1
    3   8   7   1   1
    4   14   16   1   1
    5   26   22   1   1
    6   31   22   1   1
    7   30   26   1   1
    8   34   30   1   1
    9   32   31   1   1
    10   30   30   1   1
    11   34   32   1   1
    12   30   34   1   1
    13   27   30   1   1
    14   36   29   1   1
    15   36   31   1   1
    16   34   35   1   1
P and P32 under K
Round  DES0  DES1  DES2  DES3
    0   1   1   1   1
    1   1   1   1   1
    2   6   7   2   2
    3   13   16   3   3
    4   18   21   2   3
    5   24   25   2   4
    6   30   27   3   5
    7   30   28   2   4
    8   25   30   1   2
    9   24   33   1   2
    10   37   33   2   4
    11   45   32   3   5
    12   39   37   2   4
    13   33   41   2   3
    14   31   42   3   3
    15   33   37   2   2
    16   30   34   1   1
P and P33 under K
Round  DES0  DES1  DES2  DES3
    0   1   1   1   1
    1   8   7   3   3
    2   21   16   6   5
    3   30   23   5   5
    4   31   24   6   8
    5   28   31   8   10
    6   28   35   6   10
    7   31   28   3   8
    8   40   26   3   10
    9   41   24   6   15
    10   34   25   8   17
    11   35   32   6   14
    12   34   34   5   14
    13   30   30   6   17
    14   32   24   3   15
    15   38   25   1   11
    16   40   29   1   13
P and P34 under K
Round  DES0  DES1  DES2  DES3
    0   1   1   1   1
    1   3   4   2   2
    2   11   9   4   3
    3   22   16   5   3
    4   30   20   6   4
    5   33   26   7   5
    6   36   30   5   5
    7   36   30   3   4
    8   31   34   5   4
    9   33   32   9   5
    10   33   32   6   5
    11   35   36   5   4
    12   41   31   6   3
    13   36   28   4   3
    14   29   29   3   2
    15   28   28   3   1
    16   28   32   4   1
P and P35 under K
Round  DES0  DES1  DES2  DES3
    0   1   1   1   1
    1   3   3   1   1
    2   8   6   1   1
    3   18   10   1   1
    4   29   17   1   1
    5   31   25   1   1
    6   27   28   1   1
    7   28   30   1   1
    8   32   35   1   1
    9   29   34   1   1
    10   30   27   1   1
    11   30   31   1   1
    12   33   36   1   1
    13   39   30   1   1
    14   32   29   1   1
    15   33   28   1   1
    16   34   31   1   1
P and P36 under K
Round  DES0  DES1  DES2  DES3
    0   1   1   1   1
    1   6   6   2   2
    2   16   13   3   3
    3   28   16   3   3
    4   33   19   3   4
    5   33   30   3   6
    6   30   33   2   7
    7   30   37   1   6
    8   35   36   1   9
    9   33   28   2   12
    10   32   31   3   13
    11   33   36   3   12
    12   31   37   3   13
    13   32   37   3   14
    14   33   38   2   13
    15   32   39   1   10
    16   29   35   1   13
P and P37 under K
Round  DES0  DES1  DES2  DES3
    0   1   1   1   1
    1   3   3   3   3
    2   8   8   5   5
    3   18   23   5   5
    4   26   37   8   8
    5   34   36   11   10
    6   40   31   10   10
    7   36   28   6   9
    8   32   24   7   11
    9   32   26   12   14
    10   32   32   13   16
    11   36   37   9   14
    12   39   37   6   14
    13   37   37   7   16
    14   40   34   5   14
    15   38   32   2   11
    16   29   36   2   13
P and P38 under K
Round  DES0  DES1  DES2  DES3
    0   1   1   1   1
    1   3   3   2   2
    2   7   6   3   2
    3   16   9   3   1
    4   27   18   4   1
    5   30   30   4   2
    6   32   36   3   2
    7   31   36   2   1
    8   26   30   2   1
    9   28   29   3   2
    10   31   33   4   2
    11   34   27   4   1
    12   35   26   3   1
    13   36   32   3   2
    14   35   29   2   2
    15   30   33   1   1
    16   28   40   1   1
P and P39 under K
Round  DES0  DES1  DES2  DES3
    0   1   1   1   1
    1   4   3   2   2
    2   17   6   3   4
    3   32   14   3   5
    4   42   25   3   7
    5   34   34   3   9
    6   26   35   2   9
    7   29   33   1   7
    8   26   29   1   10
    9   29   30   2   14
    10   36   31   3   16
    11   35   33   3   14
    12   32   40   3   14
    13   29   38   3   16
    14   27   32   2   14
    15   35   28   1   10
    16   36   29   1   13
P and P40 under K
Round  DES0  DES1  DES2  DES3
    0   1   1   1   1
    1   2   2   2   2
    2   5   2   3   3
    3   15   1   3   2
    4   25   1   4   2
    5   33   1   6   3
    6   32   1   7   2
    7   26   4   6   1
    8   32   10   8   1
    9   38   23   11   2
    10   37   27   12   3
    11   32   24   12   2
    12   33   28   13   2
    13   32   31   16   3
    14   29   31   20   2
    15   27   20   17   1
    16   29   24   22   1
P and P41 under K
Round  DES0  DES1  DES2  DES3
    0   1   1   1   1
    1   5   4   2   2
    2   17   9   3   3
    3   29   20   3   4
    4   35   30   5   6
    5   34   29   7   7
    6   31   32   8   9
    7   31   35   7   8
    8   32   36   9   10
    9   33   37   14   14
    10   33   31   15   14
    11   32   31   13   12
    12   28   34   14   12
    13   26   33   19   14
    14   24   30   23   14
    15   26   34   18   10
    16   38   37   23   12
P and P42 under K
Round  DES0  DES1  DES2  DES3
    0   1   1   1   1
    1   4   4   2   2
    2   13   9   3   3
    3   25   20   3   3
    4   27   28   4   3
    5   28   27   6   3
    6   35   34   7   2
    7   35   37   6   1
    8   33   35   9   1
    9   27   35   13   2
    10   26   28   13   3
    11   33   24   9   3
    12   32   27   9   3
    13   33   29   12   3
    14   29   28   10   2
    15   32   31   5   1
    16   35   31   5   1
P and P43 under K
Round  DES0  DES1  DES2  DES3
    0   1   1   1   1
    1   4   4   2   2
    2   13   11   3   4
    3   25   17   4   5
    4   32   21   6   7
    5   36   29   7   9
    6   31   29   9   9
    7   29   27   9   7
    8   28   25   10   9
    9   27   24   11   13
    10   34   32   10   16
    11   38   34   9   14
    12   34   30   7   14
    13   29   27   6   16
    14   29   28   4   13
    15   33   28   2   9
    16   31   27   2   12
P and P44 under K
Round  DES0  DES1  DES2  DES3
    0   1   1   1   1
    1   3   3   2   2
    2   6   8   3   3
    3   17   13   4   3
    4   33   19   6   4
    5   35   33   7   5
    6   29   35   8   5
    7   27   26   7   4
    8   27   32   11   5
    9   35   35   16   6
    10   41   28   17   6
    11   37   29   17   5
    12   27   31   18   4
    13   22   30   21   4
    14   27   28   25   3
    15   32   29   20   2
    16   34   34   26   2
P and P45 under K
Round  DES0  DES1  DES2  DES3
    0   1   1   1   1
    1   6   5   3   3
    2   20   14   5   3
    3   28   25   5   4
    4   35   34   7   5
    5   35   37   9   4
    6   26   39   11   3
    7   29   36   11   5
    8   32   34   15   6
    9   30   36   20   4
    10   30   33   21   4
    11   29   30   19   3
    12   37   34   18   3
    13   38   35   23   4
    14   33   28   28   4
    15   34   27   21   6
    16   29   32   26   5
P and P46 under K
Round  DES0  DES1  DES2  DES3
    0   1   1   1   1
    1   3   3   2   2
    2   9   7   2   3
    3   13   16   1   2
    4   20   31   1   2
    5   28   41   2   3
    6   27   41   2   2
    7   33   39   1   1
    8   38   30   1   1
    9   38   25   2   2
    10   37   30   2   3
    11   31   32   1   2
    12   28   33   1   2
    13   29   34   2   3
    14   37   36   2   2
    15   38   31   1   1
    16   30   25   1   1
P and P47 under K
Round  DES0  DES1  DES2  DES3
    0   1   1   1   1
    1   4   4   2   2
    2   7   7   3   2
    3   14   9   4   1
    4   21   14   7   1
    5   23   25   7   2
    6   26   28   7   2
    7   31   25   6   1
    8   34   26   7   1
    9   34   33   8   2
    10   37   35   8   2
    11   38   27   8   1
    12   34   22   5   1
    13   33   23   4   2
    14   35   28   3   2
    15   36   32   2   1
    16   33   29   2   1
P and P48 under K
Round  DES0  DES1  DES2  DES3
    0   1   1   1   1
    1   6   6   3   3
    2   15   17   3   4
    3   25   24   1   5
    4   28   27   1   5
    5   26   38   3   3
    6   29   40   3   2
    7   32   33   1   4
    8   30   30   1   6
    9   32   29   3   5
    10   31   32   3   4
    11   29   36   1   2
    12   30   35   1   2
    13   32   33   3   4
    14   35   29   3   5
    15   35   26   1   6
    16   36   28   1   4
P and P49 under K
Round  DES0  DES1  DES2  DES3
    0   1   1   1   1
    1   1   3   2   2
    2   1   4   4   3
    3   2   6   5   3
    4   4   9   7   3
    5   9   16   9   3
    6   17   27   10   2
    7   25   30   7   1
    8   30   32   8   1
    9   30   31   12   2
    10   27   29   12   3
    11   26   36   9   3
    12   31   38   7   3
    13   37   31   7   3
    14   36   28   4   2
    15   37   34   2   1
    16   33   35   2   1
P and P50 under K
Round  DES0  DES1  DES2  DES3
    0   1   1   1   1
    1   3   5   1   1
    2   8   7   1   1
    3   19   16   1   1
    4   30   28   1   1
    5   32   27   1   1
    6   33   27   1   1
    7   34   33   1   1
    8   32   36   1   1
    9   32   33   1   1
    10   33   31   1   1
    11   35   32   1   1
    12   38   31   1   1
    13   34   35   1   1
    14   29   37   1   1
    15   30   28   1   1
    16   30   27   1   1
P and P51 under K
Round  DES0  DES1  DES2  DES3
    0   1   1   1   1
    1   3   4   2   2
    2   9   7   1   3
    3   19   18   1   2
    4   28   34   2   2
    5   34   37   1   3
    6   32   31   1   2
    7   32   28   2   1
    8   36   32   1   1
    9   33   36   1   2
    10   30   37   2   3
    11   27   37   1   2
    12   27   34   1   2
    13   30   36   2   3
    14   30   37   1   2
    15   27   36   1   1
    16   27   39   2   1
P and P52 under K
Round  DES0  DES1  DES2  DES3
    0   1   1   1   1
    1   5   9   3   3
    2   15   22   5   4
    3   28   27   4   3
    4   30   32   6   4
    5   29   37   9   6
    6   32   35   6   7
    7   35   31   4   6
    8   36   33   6   8
    9   36   35   9   12
    10   31   31   6   13
    11   24   30   4   10
    12   32   36   5   12
    13   34   34   3   16
    14   31   34   1   15
    15   35   34   1   10
    16   38   23   3   12
P and P53 under K
Round  DES0  DES1  DES2  DES3
    0   1   1   1   1
    1   6   6   1   1
    2   19   15   1   1
    3   26   21   1   1
    4   28   27   1   1
    5   31   31   1   1
    6   34   27   1   1
    7   33   32   1   1
    8   30   35   1   1
    9   33   27   1   1
    10   32   32   1   1
    11   25   34   1   1
    12   27   26   1   1
    13   28   24   1   1
    14   34   31   1   1
    15   36   36   1   1
    16   26   27   1   1
P and P54 under K
Round  DES0  DES1  DES2  DES3
    0   1   1   1   1
    1   3   3   2   2
    2   9   8   3   2
    3   22   19   2   1
    4   25   27   2   1
    5   26   33   3   2
    6   36   32   2   2
    7   36   33   1   1
    8   34   35   1   1
    9   37   31   2   2
    10   31   32   3   2
    11   26   36   2   1
    12   32   37   2   1
    13   37   35   3   2
    14   38   35   2   2
    15   35   31   1   1
    16   33   28   1   1
P and P55 under K
Round  DES0  DES1  DES2  DES3
    0   1   1   1   1
    1   4   3   2   2
    2   13   7   3   3
    3   27   12   3   3
    4   35   22   4   4
    5   36   31   5   5
    6   37   34   4   5
    7   37   37   2   3
    8   33   34   2   3
    9   30   30   4   5
    10   31   32   5   5
    11   34   34   4   4
    12   34   35   3   3
    13   33   34   3   3
    14   35   34   2   2
    15   31   32   1   1
    16   33   29   1   1
P and P56 under K
Round  DES0  DES1  DES2  DES3
    0   1   1   1   1
    1   5   3   2   2
    2   16   7   2   3
    3   28   13   1   3
    4   32   23   1   4
    5   28   26   2   4
    6   28   31   2   3
    7   31   37   1   2
    8   33   32   1   2
    9   28   35   2   3
    10   32   36   2   4
    11   39   28   1   4
    12   32   23   1   3
    13   36   29   2   3
    14   38   33   2   2
    15   34   32   1   1
    16   33   33   1   1
P and P57 under K
Round  DES0  DES1  DES2  DES3
    0   1   1   1   1
    1   6   6   2   2
    2   15   15   4   3
    3   19   24   6   3
    4   28   27   7   5
    5   37   30   6   7
    6   28   32   5   8
    7   30   28   4   8
    8   37   30   4   10
    9   34   38   5   12
    10   38   38   6   14
    11   35   34   7   12
    12   31   35   6   12
    13   32   29   4   14
    14   32   29   2   12
    15   36   34   1   10
    16   39   31   1   12
P and P58 under K
Round  DES0  DES1  DES2  DES3
    0   1   1   1   1
    1   5   4   2   2
    2   16   12   4   3
    3   25   15   5   4
    4   27   19   7   5
    5   35   33   8   5
    6   40   39   8   5
    7   39   36   9   4
    8   33   30   13   6
    9   27   30   16   9
    10   27   30   19   11
    11   27   26   19   12
    12   27   24   18   13
    13   28   27   21   13
    14   26   35   25   13
    15   29   35   21   10
    16   34   30   26   12
P and P59 under K
Round  DES0  DES1  DES2  DES3
    0   1   1   1   1
    1   3   4   1   1
    2   9   5   1   1
    3   20   14   1   1
    4   29   23   1   1
    5   32   27   1   1
    6   34   34   1   1
    7   32   34   1   1
    8   33   33   1   1
    9   36   31   1   1
    10   30   30   1   1
    11   27   32   1   1
    12   26   34   1   1
    13   24   35   1   1
    14   30   33   1   1
    15   34   30   1   1
    16   30   30   1   1
P and P60 under K
Round  DES0  DES1  DES2  DES3
    0   1   1   1   1
    1   6   5   2   2
    2   19   10   2   3
    3   29   16   1   4
    4   35   28   1   6
    5   38   30   2   7
    6   36   30   2   9
    7   31   36   1   8
    8   26   39   1   10
    9   25   36   2   13
    10   31   29   2   13
    11   39   24   1   13
    12   39   28   1   13
    13   40   35   2   13
    14   33   32   2   13
    15   29   37   1   10
    16   35   34   1   12
P and P61 under K
Round  DES0  DES1  DES2  DES3
    0   1   1   1   1
    1   7   5   2   2
    2   21   9   3   4
    3   33   15   3   4
    4   35   25   5   5
    5   29   33   7   6
    6   28   31   8   5
    7   30   28   8   5
    8   33   30   11   7
    9   35   30   12   9
    10   32   31   12   13
    11   31   33   10   12
    12   33   32   9   13
    13   38   30   9   16
    14   35   37   7   13
    15   33   36   5   9
    16   29   27   5   11
P and P62 under K
Round  DES0  DES1  DES2  DES3
    0   1   1   1   1
    1   3   3   2   2
    2   7   7   3   3
    3   18   11   4   3
    4   30   22   6   3
    5   31   35   6   3
    6   25   35   5   2
    7   24   32   5   1
    8   33   36   6   1
    9   40   38   8   2
    10   37   36   5   3
    11   33   33   4   3
    12   34   32   6   3
    13   33   36   6   3
    14   31   39   4   2
    15   28   41   3   1
    16   26   37   5   1
P and P63 under K
Round  DES0  DES1  DES2  DES3
    0   1   1   1   1
    1   3   4   1   1
    2   6   8   1   1
    3   10   15   1   1
    4   24   22   1   1
    5   30   27   1   1
    6   26   30   1   1
    7   27   29   1   1
    8   29   33   1   1
    9   29   37   1   1
    10   26   34   1   1
    11   22   27   1   1
    12   21   28   1   1
    13   28   31   1   1
    14   29   26   1   1
    15   25   32   1   1
    16   25   39   1   1
P and P64 under K
Round  DES0  DES1  DES2  DES3
    0   1   1   1   1
    1   6   8   2   2
    2   20   15   3   3
    3   32   24   2   3
    4   33   32   2   4
    5   31   34   3   5
    6   27   32   2   4
    7   31   23   1   2
    8   38   23   1   2
    9   32   28   2   4
    10   30   29   3   5
    11   31   35   2   4
    12   36   33   2   3
    13   37   29   3   3
    14   32   31   2   2
    15   37   28   1   1
    16   36   35   1   1
Average Table
Round  DES0  DES1  DES2  DES3
    1   2   2   1   1
    2   8   6   2   2
    3   16   13   2   2
    4   24   20   3   3
    5   29   26   4   4
    6   31   29   4   4
    7   32   30   4   3
    8   32   31   4   4
    9   32   30   5   5
    10   32   30   6   6
    11   31   31   6   6
    12   32   32   5   5
    13   32   32   5   6
    14   31   31   6   6
    15   31   31   5   5
    16   31   31   4   4


P under K and K1
Round  DES0  DES1  DES2  DES3
    0   0   0   0   0
    1   3   0   0   0
    2   13   0   0   0
    3   26   0   0   0
    4   34   0   0   0
    5   30   0   0   0
    6   29   0   0   0
    7   35   0   0   0
    8   36   0   0   0
    9   35   0   0   0
    10   34   0   0   0
    11   39   0   0   0
    12   37   0   0   0
    13   30   0   0   0
    14   27   0   0   0
    15   26   0   0   0
    16   33   0   0   0
P under K and K2
Round  DES0  DES1  DES2  DES3
    0   0   0   0   0
    1   2   0   0   0
    2   12   0   0   0
    3   27   0   0   0
    4   32   0   0   0
    5   31   0   0   0
    6   34   0   0   0
    7   36   0   0   0
    8   39   0   0   0
    9   37   0   0   0
    10   31   0   0   0
    11   33   0   0   0
    12   35   0   0   0
    13   31   0   0   0
    14   27   0   0   0
    15   31   0   0   0
    16   34   0   0   0
P under K and K3
Round  DES0  DES1  DES2  DES3
    0   0   0   0   0
    1   3   0   0   0
    2   16   0   0   0
    3   31   0   0   0
    4   29   0   0   0
    5   27   0   0   0
    6   28   0   0   0
    7   23   0   0   0
    8   27   0   0   0
    9   31   0   0   0
    10   35   0   0   0
    11   35   0   0   0
    12   31   0   0   0
    13   29   0   0   0
    14   27   0   0   0
    15   31   0   0   0
    16   30   0   0   0
P under K and K4
Round  DES0  DES1  DES2  DES3
    0   0   0   0   0
    1   2   0   0   0
    2   8   0   0   0
    3   18   0   0   0
    4   28   0   0   0
    5   31   0   0   0
    6   26   0   0   0
    7   22   0   0   0
    8   28   0   0   0
    9   35   0   0   0
    10   32   0   0   0
    11   37   0   0   0
    12   36   0   0   0
    13   29   0   0   0
    14   33   0   0   0
    15   32   0   0   0
    16   32   0   0   0
P under K and K5
Round  DES0  DES1  DES2  DES3
    0   0   0   0   0
    1   3   0   0   0
    2   12   0   0   0
    3   27   0   0   0
    4   35   0   0   0
    5   29   0   0   0
    6   23   0   0   0
    7   29   0   0   0
    8   39   0   0   0
    9   38   0   0   0
    10   29   0   0   0
    11   27   0   0   0
    12   29   0   0   0
    13   29   0   0   0
    14   31   0   0   0
    15   37   0   0   0
    16   38   0   0   0
P under K and K6
Round  DES0  DES1  DES2  DES3
    0   0   0   0   0
    1   3   0   0   0
    2   12   0   0   0
    3   22   0   0   0
    4   28   0   0   0
    5   34   0   0   0
    6   36   0   0   0
    7   33   0   0   0
    8   32   0   0   0
    9   29   0   0   0
    10   29   0   0   0
    11   37   0   0   0
    12   39   0   0   0
    13   29   0   0   0
    14   26   0   0   0
    15   31   0   0   0
    16   31   0   0   0
P under K and K7
Round  DES0  DES1  DES2  DES3
    0   0   0   0   0
    1   2   0   0   0
    2   12   0   0   0
    3   27   0   0   0
    4   32   0   0   0
    5   32   0   0   0
    6   33   0   0   0
    7   32   0   0   0
    8   33   0   0   0
    9   35   0   0   0
    10   35   0   0   0
    11   31   0   0   0
    12   26   0   0   0
    13   26   0   0   0
    14   28   0   0   0
    15   30   0   0   0
    16   30   0   0   0
P under K and K8
Round  DES0  DES1  DES2  DES3
    0   0   0   0   0
    1   3   0   0   0
    2   11   0   0   0
    3   21   0   0   0
    4   32   0   0   0
    5   36   0   0   0
    6   27   0   0   0
    7   31   0   0   0
    8   42   0   0   0
    9   40   0   0   0
    10   33   0   0   0
    11   28   0   0   0
    12   26   0   0   0
    13   26   0   0   0
    14   30   0   0   0
    15   30   0   0   0
    16   32   0   0   0
P under K and K9
Round  DES0  DES1  DES2  DES3
    0   0   0   0   0
    1   3   0   0   0
    2   17   0   0   0
    3   26   0   0   0
    4   23   0   0   0
    5   26   0   0   0
    6   32   0   0   0
    7   35   0   0   0
    8   34   0   0   0
    9   32   0   0   0
    10   34   0   0   0
    11   36   0   0   0
    12   34   0   0   0
    13   27   0   0   0
    14   26   0   0   0
    15   34   0   0   0
    16   38   0   0   0
P under K and K10
Round  DES0  DES1  DES2  DES3
    0   0   0   0   0
    1   2   0   0   0
    2   10   0   0   0
    3   22   0   0   0
    4   32   0   0   0
    5   34   0   0   0
    6   32   0   0   0
    7   39   0   0   0
    8   35   0   0   0
    9   27   0   0   0
    10   32   0   0   0
    11   36   0   0   0
    12   35   0   0   0
    13   30   0   0   0
    14   33   0   0   0
    15   42   0   0   0
    16   37   0   0   0
P under K and K11
Round  DES0  DES1  DES2  DES3
    0   0   0   0   0
    1   2   0   0   0
    2   6   0   0   0
    3   15   0   0   0
    4   25   0   0   0
    5   29   0   0   0
    6   32   0   0   0
    7   33   0   0   0
    8   35   0   0   0
    9   37   0   0   0
    10   31   0   0   0
    11   31   0   0   0
    12   35   0   0   0
    13   29   0   0   0
    14   30   0   0   0
    15   31   0   0   0
    16   25   0   0   0
P under K and K12
Round  DES0  DES1  DES2  DES3
    0   0   0   0   0
    1   2   0   0   0
    2   8   0   0   0
    3   19   0   0   0
    4   26   0   0   0
    5   32   0   0   0
    6   35   0   0   0
    7   33   0   0   0
    8   31   0   0   0
    9   29   0   0   0
    10   35   0   0   0
    11   37   0   0   0
    12   31   0   0   0
    13   34   0   0   0
    14   32   0   0   0
    15   28   0   0   0
    16   31   0   0   0
P under K and K13
Round  DES0  DES1  DES2  DES3
    0   0   0   0   0
    1   2   0   0   0
    2   6   0   0   0
    3   13   0   0   0
    4   25   0   0   0
    5   33   0   0   0
    6   37   0   0   0
    7   38   0   0   0
    8   32   0   0   0
    9   32   0   0   0
    10   35   0   0   0
    11   31   0   0   0
    12   34   0   0   0
    13   38   0   0   0
    14   31   0   0   0
    15   29   0   0   0
    16   31   0   0   0
P under K and K14
Round  DES0  DES1  DES2  DES3
    0   0   0   0   0
    1   2   0   0   0
    2   14   0   0   0
    3   24   0   0   0
    4   30   0   0   0
    5   35   0   0   0
    6   30   0   0   0
    7   27   0   0   0
    8   37   0   0   0
    9   31   0   0   0
    10   23   0   0   0
    11   29   0   0   0
    12   30   0   0   0
    13   31   0   0   0
    14   34   0   0   0
    15   32   0   0   0
    16   32   0   0   0
P under K and K15
Round  DES0  DES1  DES2  DES3
    0   0   0   0   0
    1   2   0   0   0
    2   10   0   0   0
    3   19   0   0   0
    4   28   0   0   0
    5   34   0   0   0
    6   38   0   0   0
    7   40   0   0   0
    8   30   0   0   0
    9   26   0   0   0
    10   33   0   0   0
    11   36   0   0   0
    12   41   0   0   0
    13   42   0   0   0
    14   37   0   0   0
    15   30   0   0   0
    16   22   0   0   0
P under K and K16
Round  DES0  DES1  DES2  DES3
    0   0   0   0   0
    1   0   0   0   0
    2   3   0   0   0
    3   9   0   0   0
    4   17   0   0   0
    5   28   0   0   0
    6   35   0   0   0
    7   33   0   0   0
    8   31   0   0   0
    9   33   0   0   0
    10   34   0   0   0
    11   30   0   0   0
    12   30   0   0   0
    13   32   0   0   0
    14   30   0   0   0
    15   32   0   0   0
    16   34   0   0   0
P under K and K17
Round  DES0  DES1  DES2  DES3
    0   0   0   0   0
    1   2   0   0   0
    2   7   0   0   0
    3   17   0   0   0
    4   21   0   0   0
    5   28   0   0   0
    6   42   0   0   0
    7   43   0   0   0
    8   38   0   0   0
    9   34   0   0   0
    10   36   0   0   0
    11   35   0   0   0
    12   28   0   0   0
    13   28   0   0   0
    14   30   0   0   0
    15   34   0   0   0
    16   35   0   0   0
P under K and K18
Round  DES0  DES1  DES2  DES3
    0   0   0   0   0
    1   2   0   0   0
    2   5   0   0   0
    3   9   0   0   0
    4   17   0   0   0
    5   26   0   0   0
    6   30   0   0   0
    7   30   0   0   0
    8   25   0   0   0
    9   25   0   0   0
    10   26   0   0   0
    11   23   0   0   0
    12   35   0   0   0
    13   35   0   0   0
    14   31   0   0   0
    15   37   0   0   0
    16   35   0   0   0
P under K and K19
Round  DES0  DES1  DES2  DES3
    0   0   0   0   0
    1   3   0   0   0
    2   14   0   0   0
    3   27   0   0   0
    4   28   0   0   0
    5   26   0   0   0
    6   31   0   0   0
    7   35   0   0   0
    8   35   0   0   0
    9   29   0   0   0
    10   25   0   0   0
    11   30   0   0   0
    12   33   0   0   0
    13   31   0   0   0
    14   33   0   0   0
    15   33   0   0   0
    16   29   0   0   0
P under K and K20
Round  DES0  DES1  DES2  DES3
    0   0   0   0   0
    1   0   0   0   0
    2   2   0   0   0
    3   8   0   0   0
    4   14   0   0   0
    5   26   0   0   0
    6   34   0   0   0
    7   29   0   0   0
    8   31   0   0   0
    9   30   0   0   0
    10   29   0   0   0
    11   36   0   0   0
    12   40   0   0   0
    13   39   0   0   0
    14   31   0   0   0
    15   32   0   0   0
    16   32   0   0   0
P under K and K21
Round  DES0  DES1  DES2  DES3
    0   0   0   0   0
    1   2   0   0   0
    2   8   0   0   0
    3   23   0   0   0
    4   34   0   0   0
    5   30   0   0   0
    6   31   0   0   0
    7   37   0   0   0
    8   38   0   0   0
    9   35   0   0   0
    10   32   0   0   0
    11   35   0   0   0
    12   35   0   0   0
    13   35   0   0   0
    14   35   0   0   0
    15   32   0   0   0
    16   31   0   0   0
P under K and K22
Round  DES0  DES1  DES2  DES3
    0   0   0   0   0
    1   4   0   0   0
    2   17   0   0   0
    3   29   0   0   0
    4   32   0   0   0
    5   27   0   0   0
    6   20   0   0   0
    7   23   0   0   0
    8   36   0   0   0
    9   40   0   0   0
    10   35   0   0   0
    11   33   0   0   0
    12   34   0   0   0
    13   35   0   0   0
    14   30   0   0   0
    15   31   0   0   0
    16   27   0   0   0
P under K and K23
Round  DES0  DES1  DES2  DES3
    0   0   0   0   0
    1   2   0   0   0
    2   9   0   0   0
    3   21   0   0   0
    4   29   0   0   0
    5   29   0   0   0
    6   30   0   0   0
    7   35   0   0   0
    8   39   0   0   0
    9   30   0   0   0
    10   26   0   0   0
    11   34   0   0   0
    12   30   0   0   0
    13   30   0   0   0
    14   33   0   0   0
    15   31   0   0   0
    16   30   0   0   0
P under K and K24
Round  DES0  DES1  DES2  DES3
    0   0   0   0   0
    1   4   0   0   0
    2   14   0   0   0
    3   25   0   0   0
    4   30   0   0   0
    5   30   0   0   0
    6   30   0   0   0
    7   33   0   0   0
    8   34   0   0   0
    9   33   0   0   0
    10   25   0   0   0
    11   22   0   0   0
    12   27   0   0   0
    13   26   0   0   0
    14   29   0   0   0
    15   36   0   0   0
    16   37   0   0   0
P under K and K25
Round  DES0  DES1  DES2  DES3
    0   0   0   0   0
    1   3   0   0   0
    2   7   0   0   0
    3   17   0   0   0
    4   26   0   0   0
    5   32   0   0   0
    6   33   0   0   0
    7   32   0   0   0
    8   33   0   0   0
    9   31   0   0   0
    10   34   0   0   0
    11   30   0   0   0
    12   28   0   0   0
    13   32   0   0   0
    14   27   0   0   0
    15   31   0   0   0
    16   38   0   0   0
P under K and K26
Round  DES0  DES1  DES2  DES3
    0   0   0   0   0
    1   3   0   0   0
    2   10   0   0   0
    3   14   0   0   0
    4   22   0   0   0
    5   33   0   0   0
    6   38   0   0   0
    7   34   0   0   0
    8   29   0   0   0
    9   30   0   0   0
    10   34   0   0   0
    11   30   0   0   0
    12   29   0   0   0
    13   32   0   0   0
    14   33   0   0   0
    15   36   0   0   0
    16   30   0   0   0
P under K and K27
Round  DES0  DES1  DES2  DES3
    0   0   0   0   0
    1   3   0   0   0
    2   16   0   0   0
    3   31   0   0   0
    4   41   0   0   0
    5   37   0   0   0
    6   30   0   0   0
    7   33   0   0   0
    8   35   0   0   0
    9   37   0   0   0
    10   33   0   0   0
    11   31   0   0   0
    12   36   0   0   0
    13   35   0   0   0
    14   36   0   0   0
    15   36   0   0   0
    16   32   0   0   0
P under K and K28
Round  DES0  DES1  DES2  DES3
    0   0   0   0   0
    1   0   0   0   0
    2   2   0   0   0
    3   12   0   0   0
    4   20   0   0   0
    5   26   0   0   0
    6   36   0   0   0
    7   32   0   0   0
    8   25   0   0   0
    9   32   0   0   0
    10   29   0   0   0
    11   21   0   0   0
    12   27   0   0   0
    13   36   0   0   0
    14   35   0   0   0
    15   28   0   0   0
    16   30   0   0   0
P under K and K29
Round  DES0  DES1  DES2  DES3
    0   0   0   0   0
    1   0   0   0   0
    2   2   0   0   0
    3   9   0   0   0
    4   20   0   0   0
    5   30   0   0   0
    6   31   0   0   0
    7   26   0   0   0
    8   30   0   0   0
    9   35   0   0   0
    10   30   0   0   0
    11   29   0   0   0
    12   31   0   0   0
    13   23   0   0   0
    14   27   0   0   0
    15   38   0   0   0
    16   35   0   0   0
P under K and K30
Round  DES0  DES1  DES2  DES3
    0   0   0   0   0
    1   3   0   0   0
    2   11   0   0   0
    3   26   0   0   0
    4   34   0   0   0
    5   28   0   0   0
    6   26   0   0   0
    7   30   0   0   0
    8   31   0   0   0
    9   35   0   0   0
    10   37   0   0   0
    11   35   0   0   0
    12   34   0   0   0
    13   30   0   0   0
    14   31   0   0   0
    15   37   0   0   0
    16   36   0   0   0
P under K and K31
Round  DES0  DES1  DES2  DES3
    0   0   0   0   0
    1   3   0   0   0
    2   10   0   0   0
    3   23   0   0   0
    4   27   0   0   0
    5   31   0   0   0
    6   33   0   0   0
    7   26   0   0   0
    8   30   0   0   0
    9   34   0   0   0
    10   31   0   0   0
    11   27   0   0   0
    12   24   0   0   0
    13   23   0   0   0
    14   29   0   0   0
    15   31   0   0   0
    16   28   0   0   0
P under K and K32
Round  DES0  DES1  DES2  DES3
    0   0   0   0   0
    1   3   0   0   0
    2   14   0   0   0
    3   25   0   0   0
    4   26   0   0   0
    5   27   0   0   0
    6   33   0   0   0
    7   35   0   0   0
    8   37   0   0   0
    9   35   0   0   0
    10   28   0   0   0
    11   32   0   0   0
    12   37   0   0   0
    13   28   0   0   0
    14   27   0   0   0
    15   33   0   0   0
    16   30   0   0   0
P under K and K33
Round  DES0  DES1  DES2  DES3
    0   0   0   0   0
    1   3   0   0   0
    2   15   0   0   0
    3   25   0   0   0
    4   24   0   0   0
    5   23   0   0   0
    6   28   0   0   0
    7   35   0   0   0
    8   35   0   0   0
    9   28   0   0   0
    10   29   0   0   0
    11   31   0   0   0
    12   31   0   0   0
    13   30   0   0   0
    14   31   0   0   0
    15   35   0   0   0
    16   39   0   0   0
P under K and K34
Round  DES0  DES1  DES2  DES3
    0   0   0   0   0
    1   2   0   0   0
    2   12   0   0   0
    3   26   0   0   0
    4   37   0   0   0
    5   33   0   0   0
    6   30   0   0   0
    7   39   0   0   0
    8   41   0   0   0
    9   36   0   0   0
    10   31   0   0   0
    11   29   0   0   0
    12   37   0   0   0
    13   38   0   0   0
    14   33   0   0   0
    15   34   0   0   0
    16   31   0   0   0
P under K and K35
Round  DES0  DES1  DES2  DES3
    0   0   0   0   0
    1   3   0   0   0
    2   15   0   0   0
    3   25   0   0   0
    4   32   0   0   0
    5   31   0   0   0
    6   26   0   0   0
    7   25   0   0   0
    8   23   0   0   0
    9   24   0   0   0
    10   28   0   0   0
    11   33   0   0   0
    12   33   0   0   0
    13   34   0   0   0
    14   32   0   0   0
    15   28   0   0   0
    16   32   0   0   0
P under K and K36
Round  DES0  DES1  DES2  DES3
    0   0   0   0   0
    1   3   0   0   0
    2   12   0   0   0
    3   25   0   0   0
    4   32   0   0   0
    5   38   0   0   0
    6   41   0   0   0
    7   35   0   0   0
    8   30   0   0   0
    9   28   0   0   0
    10   35   0   0   0
    11   36   0   0   0
    12   32   0   0   0
    13   36   0   0   0
    14   34   0   0   0
    15   28   0   0   0
    16   32   0   0   0
P under K and K37
Round  DES0  DES1  DES2  DES3
    0   0   0   0   0
    1   3   0   0   0
    2   8   0   0   0
    3   21   0   0   0
    4   31   0   0   0
    5   30   0   0   0
    6   31   0   0   0
    7   34   0   0   0
    8   40   0   0   0
    9   40   0   0   0
    10   31   0   0   0
    11   31   0   0   0
    12   33   0   0   0
    13   36   0   0   0
    14   37   0   0   0
    15   25   0   0   0
    16   29   0   0   0
P under K and K38
Round  DES0  DES1  DES2  DES3
    0   0   0   0   0
    1   2   0   0   0
    2   7   0   0   0
    3   19   0   0   0
    4   32   0   0   0
    5   33   0   0   0
    6   30   0   0   0
    7   33   0   0   0
    8   29   0   0   0
    9   27   0   0   0
    10   30   0   0   0
    11   24   0   0   0
    12   21   0   0   0
    13   30   0   0   0
    14   42   0   0   0
    15   39   0   0   0
    16   31   0   0   0
P under K and K39
Round  DES0  DES1  DES2  DES3
    0   0   0   0   0
    1   0   0   0   0
    2   2   0   0   0
    3   15   0   0   0
    4   29   0   0   0
    5   28   0   0   0
    6   29   0   0   0
    7   30   0   0   0
    8   27   0   0   0
    9   31   0   0   0
    10   29   0   0   0
    11   29   0   0   0
    12   34   0   0   0
    13   34   0   0   0
    14   35   0   0   0
    15   35   0   0   0
    16   30   0   0   0
P under K and K40
Round  DES0  DES1  DES2  DES3
    0   0   0   0   0
    1   2   0   0   0
    2   9   0   0   0
    3   21   0   0   0
    4   26   0   0   0
    5   31   0   0   0
    6   37   0   0   0
    7   33   0   0   0
    8   33   0   0   0
    9   33   0   0   0
    10   26   0   0   0
    11   29   0   0   0
    12   37   0   0   0
    13   38   0   0   0
    14   35   0   0   0
    15   27   0   0   0
    16   28   0   0   0
P under K and K41
Round  DES0  DES1  DES2  DES3
    0   0   0   0   0
    1   0   0   0   0
    2   3   0   0   0
    3   11   0   0   0
    4   17   0   0   0
    5   19   0   0   0
    6   22   0   0   0
    7   29   0   0   0
    8   29   0   0   0
    9   28   0   0   0
    10   31   0   0   0
    11   32   0   0   0
    12   34   0   0   0
    13   30   0   0   0
    14   32   0   0   0
    15   32   0   0   0
    16   30   0   0   0
P under K and K42
Round  DES0  DES1  DES2  DES3
    0   0   0   0   0
    1   2   0   0   0
    2   8   0   0   0
    3   23   0   0   0
    4   31   0   0   0
    5   30   0   0   0
    6   33   0   0   0
    7   27   0   0   0
    8   28   0   0   0
    9   36   0   0   0
    10   36   0   0   0
    11   32   0   0   0
    12   30   0   0   0
    13   26   0   0   0
    14   29   0   0   0
    15   39   0   0   0
    16   39   0   0   0
P under K and K43
Round  DES0  DES1  DES2  DES3
    0   0   0   0   0
    1   2   0   0   0
    2   14   0   0   0
    3   32   0   0   0
    4   36   0   0   0
    5   35   0   0   0
    6   33   0   0   0
    7   25   0   0   0
    8   29   0   0   0
    9   36   0   0   0
    10   35   0   0   0
    11   31   0   0   0
    12   32   0   0   0
    13   35   0   0   0
    14   30   0   0   0
    15   30   0   0   0
    16   32   0   0   0
P under K and K44
Round  DES0  DES1  DES2  DES3
    0   0   0   0   0
    1   2   0   0   0
    2   12   0   0   0
    3   23   0   0   0
    4   29   0   0   0
    5   29   0   0   0
    6   26   0   0   0
    7   31   0   0   0
    8   35   0   0   0
    9   34   0   0   0
    10   29   0   0   0
    11   31   0   0   0
    12   32   0   0   0
    13   28   0   0   0
    14   36   0   0   0
    15   34   0   0   0
    16   28   0   0   0
P under K and K45
Round  DES0  DES1  DES2  DES3
    0   0   0   0   0
    1   3   0   0   0
    2   11   0   0   0
    3   20   0   0   0
    4   29   0   0   0
    5   35   0   0   0
    6   36   0   0   0
    7   35   0   0   0
    8   29   0   0   0
    9   34   0   0   0
    10   37   0   0   0
    11   29   0   0   0
    12   29   0   0   0
    13   30   0   0   0
    14   27   0   0   0
    15   30   0   0   0
    16   34   0   0   0
P under K and K46
Round  DES0  DES1  DES2  DES3
    0   0   0   0   0
    1   4   0   0   0
    2   18   0   0   0
    3   31   0   0   0
    4   38   0   0   0
    5   38   0   0   0
    6   34   0   0   0
    7   30   0   0   0
    8   27   0   0   0
    9   28   0   0   0
    10   32   0   0   0
    11   35   0   0   0
    12   31   0   0   0
    13   27   0   0   0
    14   31   0   0   0
    15   34   0   0   0
    16   30   0   0   0
P under K and K47
Round  DES0  DES1  DES2  DES3
    0   0   0   0   0
    1   0   0   0   0
    2   3   0   0   0
    3   13   0   0   0
    4   24   0   0   0
    5   32   0   0   0
    6   36   0   0   0
    7   35   0   0   0
    8   31   0   0   0
    9   30   0   0   0
    10   28   0   0   0
    11   27   0   0   0
    12   33   0   0   0
    13   29   0   0   0
    14   28   0   0   0
    15   34   0   0   0
    16   32   0   0   0
P under K and K48
Round  DES0  DES1  DES2  DES3
    0   0   0   0   0
    1   2   0   0   0
    2   10   0   0   0
    3   22   0   0   0
    4   32   0   0   0
    5   32   0   0   0
    6   26   0   0   0
    7   25   0   0   0
    8   30   0   0   0
    9   33   0   0   0
    10   32   0   0   0
    11   36   0   0   0
    12   35   0   0   0
    13   33   0   0   0
    14   30   0   0   0
    15   24   0   0   0
    16   29   0   0   0
P under K and K49
Round  DES0  DES1  DES2  DES3
    0   0   0   0   0
    1   2   0   0   0
    2   8   0   0   0
    3   18   0   0   0
    4   31   0   0   0
    5   40   0   0   0
    6   38   0   0   0
    7   36   0   0   0
    8   37   0   0   0
    9   36   0   0   0
    10   35   0   0   0
    11   30   0   0   0
    12   33   0   0   0
    13   31   0   0   0
    14   28   0   0   0
    15   36   0   0   0
    16   34   0   0   0
P under K and K50
Round  DES0  DES1  DES2  DES3
    0   0   0   0   0
    1   2   0   0   0
    2   9   0   0   0
    3   26   0   0   0
    4   35   0   0   0
    5   36   0   0   0
    6   34   0   0   0
    7   31   0   0   0
    8   36   0   0   0
    9   37   0   0   0
    10   33   0   0   0
    11   30   0   0   0
    12   28   0   0   0
    13   30   0   0   0
    14   36   0   0   0
    15   34   0   0   0
    16   39   0   0   0
P under K and K51
Round  DES0  DES1  DES2  DES3
    0   0   0   0   0
    1   2   0   0   0
    2   7   0   0   0
    3   15   0   0   0
    4   23   0   0   0
    5   27   0   0   0
    6   29   0   0   0
    7   26   0   0   0
    8   25   0   0   0
    9   29   0   0   0
    10   30   0   0   0
    11   33   0   0   0
    12   29   0   0   0
    13   27   0   0   0
    14   30   0   0   0
    15   30   0   0   0
    16   28   0   0   0
P under K and K52
Round  DES0  DES1  DES2  DES3
    0   0   0   0   0
    1   0   0   0   0
    2   3   0   0   0
    3   12   0   0   0
    4   25   0   0   0
    5   35   0   0   0
    6   39   0   0   0
    7   35   0   0   0
    8   32   0   0   0
    9   29   0   0   0
    10   30   0   0   0
    11   34   0   0   0
    12   33   0   0   0
    13   32   0   0   0
    14   33   0   0   0
    15   34   0   0   0
    16   32   0   0   0
P under K and K53
Round  DES0  DES1  DES2  DES3
    0   0   0   0   0
    1   2   0   0   0
    2   11   0   0   0
    3   18   0   0   0
    4   20   0   0   0
    5   21   0   0   0
    6   26   0   0   0
    7   32   0   0   0
    8   30   0   0   0
    9   31   0   0   0
    10   31   0   0   0
    11   26   0   0   0
    12   26   0   0   0
    13   33   0   0   0
    14   36   0   0   0
    15   37   0   0   0
    16   39   0   0   0
P under K and K54
Round  DES0  DES1  DES2  DES3
    0   0   0   0   0
    1   0   0   0   0
    2   0   0   0   0
    3   0   0   0   0
    4   0   0   0   0
    5   0   0   0   0
    6   0   0   0   0
    7   0   0   0   0
    8   0   0   0   0
    9   0   0   0   0
    10   0   0   0   0
    11   0   0   0   0
    12   0   0   0   0
    13   0   0   0   0
    14   0   0   0   0
    15   0   0   0   0
    16   0   0   0   0
P under K and K55
Round  DES0  DES1  DES2  DES3
    0   0   0   0   0
    1   4   0   0   0
    2   16   0   0   0
    3   26   0   0   0
    4   33   0   0   0
    5   38   0   0   0
    6   40   0   0   0
    7   37   0   0   0
    8   36   0   0   0
    9   34   0   0   0
    10   32   0   0   0
    11   35   0   0   0
    12   32   0   0   0
    13   32   0   0   0
    14   33   0   0   0
    15   29   0   0   0
    16   28   0   0   0
P under K and K56
Round  DES0  DES1  DES2  DES3
    0   0   0   0   0
    1   4   0   0   0
    2   18   0   0   0
    3   29   0   0   0
    4   28   0   0   0
    5   31   0   0   0
    6   33   0   0   0
    7   36   0   0   0
    8   32   0   0   0
    9   31   0   0   0
    10   38   0   0   0
    11   37   0   0   0
    12   38   0   0   0
    13   35   0   0   0
    14   26   0   0   0
    15   30   0   0   0
    16   37   0   0   0
Average Table
Round  DES0  DES1  DES2  DES3
    1   2   0   0   0
    2   9   0   0   0
    3   20   0   0   0
    4   27   0   0   0
    5   30   0   0   0
    6   31   0   0   0
    7   31   0   0   0
    8   31   0   0   0
    9   31   0   0   0
    10   30   0   0   0
    11   31   0   0   0
    12   31   0   0   0
    13   30   0   0   0
    14   30   0   0   0
    15   31   0   0   0
    16   31   0   0   0
