ENCRYPTION
Plaintext P: 0000000100100011010001010110011110001001101010111100110111101111
Key K: 00010010011010010101101111001001101101111011011111111000
Ciphertext C: 1000010111101000000100110101010000001111000010101011010000000101
Avalanche:

P and P1 under K
Round  DES0  DES1  DES2  DES3
    0   1   1   1   1
    1   1   1   1   1
    2   5   6   2   2
    3   15   11   3   1
    4   28   14   3   1
    5   33   21   4   2
    6   30   27   5   1
    7   30   30   5   1
    8   37   33   4   2
    9   39   36   5   1
    10   39   40   7   1
    11   33   40   8   2
    12   26   34   7   1
    13   35   30   5   1
    14   44   26   4   2
    15   35   22   3   1
    16   27   23   3   1
P and P2 under K
Round  DES0  DES1  DES2  DES3
    0   1   1   1   1
    1   1   1   1   1
    2   4   3   2   2
    3   16   5   3   1
    4   30   10   3   1
    5   33   15   4   2
    6   30   20   5   1
    7   34   26   5   1
    8   42   32   4   2
    9   40   35   5   1
    10   34   30   7   1
    11   36   28   8   2
    12   36   29   7   1
    13   34   32   7   1
    14   34   35   8   2
    15   29   31   7   1
    16   32   28   5   1
P and P3 under K
Round  DES0  DES1  DES2  DES3
    0   1   1   1   1
    1   1   1   1   1
    2   4   3   2   2
    3   15   6   3   1
    4   24   13   3   1
    5   30   21   4   2
    6   30   27   5   1
    7   29   33   5   1
    8   32   33   4   2
    9   29   27   5   1
    10   30   34   7   1
    11   35   37   8   2
    12   31   30   7   1
    13   29   29   7   1
    14   34   36   8   2
    15   37   35   7   1
    16   41   26   5   1
P and P4 under K
Round  DES0  DES1  DES2  DES3
    0   1   1   1   1
    1   1   1   1   1
    2   9   5   2   2
    3   26   9   3   1
    4   34   15   3   1
    5   30   19   4   2
    6   34   18   5   1
    7   35   17   5   1
    8   30   26   4   2
    9   34   39   5   1
    10   36   39   7   1
    11   29   34   8   2
    12   26   36   7   1
    13   27   37   5   1
    14   26   35   4   2
    15   32   34   3   1
    16   32   35   3   1
P and P5 under K
Round  DES0  DES1  DES2  DES3
    0   1   1   1   1
    1   1   1   1   1
    2   6   5   2   2
    3   20   6   3   1
    4   28   5   3   1
    5   27   9   4   2
    6   29   11   5   1
    7   24   18   5   1
    8   28   27   4   2
    9   33   31   5   1
    10   30   30   7   1
    11   36   30   8   2
    12   34   41   7   1
    13   31   38   7   1
    14   34   28   8   2
    15   34   29   7   1
    16   30   34   5   1
P and P6 under K
Round  DES0  DES1  DES2  DES3
    0   1   1   1   1
    1   1   1   1   1
    2   4   3   2   2
    3   15   7   3   1
    4   26   9   3   1
    5   31   9   4   2
    6   30   16   5   1
    7   30   23   5   1
    8   34   28   4   2
    9   31   34   5   1
    10   29   31   7   1
    11   35   32   8   2
    12   41   35   7   1
    13   37   29   7   1
    14   31   25   8   2
    15   36   27   7   1
    16   36   28   5   1
P and P7 under K
Round  DES0  DES1  DES2  DES3
    0   1   1   1   1
    1   1   1   1   1
    2   4   3   2   2
    3   14   7   3   1
    4   26   12   3   1
    5   27   16   4   2
    6   32   20   5   1
    7   32   25   5   1
    8   26   35   4   2
    9   36   38   5   1
    10   43   37   7   1
    11   34   34   8   2
    12   31   29   7   1
    13   33   34   7   1
    14   33   32   8   2
    15   36   31   7   1
    16   33   34   5   1
P and P8 under K
Round  DES0  DES1  DES2  DES3
    0   1   1   1   1
    1   1   1   1   1
    2   5   6   2   2
    3   19   12   3   1
    4   30   17   3   1
    5   33   24   4   2
    6   36   26   5   1
    7   36   30   5   1
    8   30   31   4   2
    9   31   32   5   1
    10   35   36   7   1
    11   31   33   8   2
    12   31   35   7   1
    13   37   34   7   1
    14   43   31   8   2
    15   40   33   7   1
    16   34   32   5   1
P and P9 under K
Round  DES0  DES1  DES2  DES3
    0   1   1   1   1
    1   1   1   1   1
    2   6   5   2   2
    3   23   10   3   1
    4   30   16   3   1
    5   27   19   4   2
    6   29   18   5   1
    7   28   23   5   1
    8   30   27   4   2
    9   31   35   5   1
    10   29   39   7   1
    11   31   32   8   2
    12   37   26   7   1
    13   37   27   5   1
    14   34   37   4   2
    15   35   35   3   1
    16   34   32   3   1
P and P10 under K
Round  DES0  DES1  DES2  DES3
    0   1   1   1   1
    1   1   1   1   1
    2   3   3   2   2
    3   10   7   3   1
    4   26   12   3   1
    5   35   18   4   2
    6   38   22   5   1
    7   34   22   5   1
    8   27   25   4   2
    9   29   32   5   1
    10   32   36   7   1
    11   34   33   8   2
    12   29   33   7   1
    13   28   34   5   1
    14   34   39   4   2
    15   35   47   3   1
    16   33   41   3   1
P and P11 under K
Round  DES0  DES1  DES2  DES3
    0   1   1   1   1
    1   1   1   1   1
    2   3   4   2   2
    3   11   6   3   1
    4   21   5   3   1
    5   27   9   4   2
    6   31   19   5   1
    7   31   27   5   1
    8   34   32   4   2
    9   35   34   5   1
    10   32   28   7   1
    11   34   27   8   2
    12   35   34   7   1
    13   35   34   7   1
    14   29   32   8   2
    15   29   35   7   1
    16   29   36   5   1
P and P12 under K
Round  DES0  DES1  DES2  DES3
    0   1   1   1   1
    1   1   1   1   1
    2   6   7   2   2
    3   16   12   3   1
    4   29   11   3   1
    5   42   14   4   2
    6   44   24   5   1
    7   35   35   5   1
    8   28   34   4   2
    9   28   31   5   1
    10   30   30   7   1
    11   30   31   8   2
    12   33   28   7   1
    13   33   24   7   1
    14   32   30   8   2
    15   35   31   7   1
    16   35   32   5   1
P and P13 under K
Round  DES0  DES1  DES2  DES3
    0   1   1   1   1
    1   1   1   1   1
    2   6   6   2   2
    3   17   7   3   1
    4   28   7   3   1
    5   31   11   4   2
    6   29   15   5   1
    7   31   19   5   1
    8   37   17   4   2
    9   34   17   5   1
    10   28   24   7   1
    11   28   30   8   2
    12   31   30   7   1
    13   26   30   7   1
    14   19   30   8   2
    15   24   28   7   1
    16   34   30   5   1
P and P14 under K
Round  DES0  DES1  DES2  DES3
    0   1   1   1   1
    1   1   1   1   1
    2   4   3   2   2
    3   14   4   3   1
    4   27   10   3   1
    5   30   19   4   2
    6   29   25   5   1
    7   28   31   5   1
    8   24   31   4   2
    9   26   31   5   1
    10   26   33   7   1
    11   26   31   8   2
    12   33   30   7   1
    13   34   32   7   1
    14   38   32   8   2
    15   39   35   7   1
    16   32   33   5   1
P and P15 under K
Round  DES0  DES1  DES2  DES3
    0   1   1   1   1
    1   1   1   1   1
    2   3   5   2   2
    3   13   11   3   1
    4   28   18   3   1
    5   33   23   4   2
    6   36   29   5   1
    7   37   29   5   1
    8   28   27   4   2
    9   27   28   5   1
    10   30   30   7   1
    11   37   34   8   2
    12   42   34   7   1
    13   32   39   5   1
    14   31   40   4   2
    15   35   33   3   1
    16   38   30   3   1
P and P16 under K
Round  DES0  DES1  DES2  DES3
    0   1   1   1   1
    1   1   1   1   1
    2   5   6   2   2
    3   16   11   3   1
    4   27   15   3   1
    5   30   26   4   2
    6   31   31   5   1
    7   32   26   5   1
    8   34   24   4   2
    9   34   32   5   1
    10   33   37   7   1
    11   35   32   8   2
    12   33   34   7   1
    13   31   36   5   1
    14   33   36   4   2
    15   35   36   3   1
    16   34   34   3   1
P and P17 under K
Round  DES0  DES1  DES2  DES3
    0   1   1   1   1
    1   1   1   1   1
    2   6   6   2   2
    3   20   15   3   1
    4   31   22   3   1
    5   37   27   4   2
    6   32   32   5   1
    7   27   33   5   1
    8   29   30   4   2
    9   29   32   5   1
    10   38   37   7   1
    11   44   36   8   2
    12   43   37   7   1
    13   43   39   7   1
    14   41   35   8   2
    15   33   33   7   1
    16   33   32   5   1
P and P18 under K
Round  DES0  DES1  DES2  DES3
    0   1   1   1   1
    1   1   1   1   1
    2   3   3   2   2
    3   10   6   3   1
    4   23   11   3   1
    5   29   15   4   2
    6   32   16   5   1
    7   28   20   5   1
    8   24   26   4   2
    9   30   29   5   1
    10   31   32   7   1
    11   29   36   8   2
    12   29   36   7   1
    13   31   32   7   1
    14   35   29   8   2
    15   35   29   7   1
    16   39   32   5   1
P and P19 under K
Round  DES0  DES1  DES2  DES3
    0   1   1   1   1
    1   1   1   1   1
    2   4   5   2   2
    3   15   11   3   1
    4   24   15   3   1
    5   29   23   4   2
    6   36   28   5   1
    7   34   28   5   1
    8   25   31   4   2
    9   24   32   5   1
    10   26   27   7   1
    11   30   27   8   2
    12   33   33   7   1
    13   36   33   5   1
    14   34   28   4   2
    15   25   28   3   1
    16   30   29   3   1
P and P20 under K
Round  DES0  DES1  DES2  DES3
    0   1   1   1   1
    1   1   1   1   1
    2   6   7   2   2
    3   20   16   3   1
    4   33   21   3   1
    5   33   29   4   2
    6   34   35   5   1
    7   34   34   5   1
    8   30   36   4   2
    9   29   33   5   1
    10   24   25   7   1
    11   24   26   8   2
    12   29   29   7   1
    13   30   26   7   1
    14   31   32   8   2
    15   37   34   7   1
    16   35   27   5   1
P and P21 under K
Round  DES0  DES1  DES2  DES3
    0   1   1   1   1
    1   1   1   1   1
    2   8   5   2   2
    3   28   9   3   1
    4   36   16   3   1
    5   33   23   4   2
    6   31   24   5   1
    7   29   26   5   1
    8   30   31   4   2
    9   26   30   5   1
    10   27   31   7   1
    11   32   38   8   2
    12   33   33   7   1
    13   32   30   5   1
    14   36   31   4   2
    15   35   26   3   1
    16   32   22   3   1
P and P22 under K
Round  DES0  DES1  DES2  DES3
    0   1   1   1   1
    1   1   1   1   1
    2   3   4   2   2
    3   12   7   3   1
    4   24   10   3   1
    5   29   17   4   2
    6   28   21   5   1
    7   29   18   5   1
    8   32   22   4   2
    9   37   30   5   1
    10   38   39   7   1
    11   38   39   8   2
    12   38   29   7   1
    13   34   33   7   1
    14   31   38   8   2
    15   26   36   7   1
    16   25   35   5   1
P and P23 under K
Round  DES0  DES1  DES2  DES3
    0   1   1   1   1
    1   1   1   1   1
    2   3   3   2   2
    3   10   6   3   1
    4   22   9   3   1
    5   29   9   4   2
    6   32   10   5   1
    7   31   12   5   1
    8   32   10   4   2
    9   36   13   5   1
    10   35   21   7   1
    11   32   20   8   2
    12   26   17   7   1
    13   32   24   7   1
    14   39   32   8   2
    15   33   30   7   1
    16   31   33   5   1
P and P24 under K
Round  DES0  DES1  DES2  DES3
    0   1   1   1   1
    1   1   1   1   1
    2   7   6   2   2
    3   22   11   3   1
    4   31   18   3   1
    5   28   23   4   2
    6   32   21   5   1
    7   38   18   5   1
    8   33   23   4   2
    9   30   31   5   1
    10   27   33   7   1
    11   26   32   8   2
    12   26   33   7   1
    13   27   38   5   1
    14   31   32   4   2
    15   28   31   3   1
    16   31   35   3   1
P and P25 under K
Round  DES0  DES1  DES2  DES3
    0   1   1   1   1
    1   1   1   1   1
    2   6   6   2   2
    3   22   11   3   1
    4   32   13   3   1
    5   30   14   4   2
    6   30   17   5   1
    7   29   21   5   1
    8   29   31   4   2
    9   31   32   5   1
    10   31   29   7   1
    11   37   31   8   2
    12   36   27   7   1
    13   33   30   5   1
    14   39   38   4   2
    15   37   34   3   1
    16   37   27   3   1
P and P26 under K
Round  DES0  DES1  DES2  DES3
    0   1   1   1   1
    1   1   1   1   1
    2   4   4   2   2
    3   12   10   3   1
    4   25   16   3   1
    5   30   19   4   2
    6   32   24   5   1
    7   35   28   5   1
    8   31   32   4   2
    9   27   38   5   1
    10   30   35   7   1
    11   32   31   8   2
    12   32   31   7   1
    13   32   29   7   1
    14   30   27   8   2
    15   28   33   7   1
    16   25   35   5   1
P and P27 under K
Round  DES0  DES1  DES2  DES3
    0   1   1   1   1
    1   1   1   1   1
    2   3   4   2   2
    3   7   10   3   1
    4   16   17   3   1
    5   28   19   4   2
    6   32   21   5   1
    7   29   24   5   1
    8   35   28   4   2
    9   34   39   5   1
    10   27   40   7   1
    11   34   31   8   2
    12   36   32   7   1
    13   29   37   7   1
    14   27   36   8   2
    15   28   32   7   1
    16   31   26   5   1
P and P28 under K
Round  DES0  DES1  DES2  DES3
    0   1   1   1   1
    1   1   1   1   1
    2   6   7   2   2
    3   19   13   3   1
    4   32   16   3   1
    5   30   23   4   2
    6   28   31   5   1
    7   26   31   5   1
    8   31   29   4   2
    9   39   36   5   1
    10   35   39   7   1
    11   30   36   8   2
    12   27   33   7   1
    13   35   35   7   1
    14   39   38   8   2
    15   31   32   7   1
    16   29   25   5   1
P and P29 under K
Round  DES0  DES1  DES2  DES3
    0   1   1   1   1
    1   1   1   1   1
    2   7   6   2   2
    3   20   12   3   1
    4   33   12   3   1
    5   33   10   4   2
    6   29   12   5   1
    7   35   15   5   1
    8   39   23   4   2
    9   31   27   5   1
    10   29   29   7   1
    11   34   34   8   2
    12   32   31   7   1
    13   36   32   7   1
    14   39   34   8   2
    15   32   33   7   1
    16   28   29   5   1
P and P30 under K
Round  DES0  DES1  DES2  DES3
    0   1   1   1   1
    1   1   1   1   1
    2   3   5   2   2
    3   10   11   3   1
    4   20   14   3   1
    5   28   18   4   2
    6   32   23   5   1
    7   37   23   5   1
    8   39   32   4   2
    9   33   37   5   1
    10   34   34   7   1
    11   31   35   8   2
    12   26   35   7   1
    13   30   37   7   1
    14   32   36   8   2
    15   33   34   7   1
    16   36   31   5   1
P and P31 under K
Round  DES0  DES1  DES2  DES3
    0   1   1   1   1
    1   1   1   1   1
    2   4   3   2   2
    3   13   7   3   1
    4   22   10   3   1
    5   27   14   4   2
    6   32   21   5   1
    7   30   28   5   1
    8   34   29   4   2
    9   38   30   5   1
    10   39   32   7   1
    11   39   34   8   2
    12   34   34   7   1
    13   35   29   5   1
    14   37   28   4   2
    15   38   25   3   1
    16   35   29   3   1
P and P32 under K
Round  DES0  DES1  DES2  DES3
    0   1   1   1   1
    1   1   1   1   1
    2   5   6   2   2
    3   16   12   3   1
    4   30   21   3   1
    5   32   28   4   2
    6   33   32   5   1
    7   33   34   5   1
    8   31   30   4   2
    9   35   37   5   1
    10   37   41   7   1
    11   32   31   8   2
    12   25   33   7   1
    13   26   28   5   1
    14   29   24   4   2
    15   34   34   3   1
    16   34   30   3   1
P and P33 under K
Round  DES0  DES1  DES2  DES3
    0   1   1   1   1
    1   6   6   2   2
    2   16   12   3   1
    3   31   12   3   1
    4   34   12   4   2
    5   31   22   5   1
    6   30   27   5   1
    7   29   27   4   2
    8   33   37   5   1
    9   35   42   7   1
    10   37   36   8   2
    11   31   29   7   1
    12   28   25   5   1
    13   27   26   4   2
    14   32   31   3   1
    15   40   36   3   1
    16   35   32   4   2
P and P34 under K
Round  DES0  DES1  DES2  DES3
    0   1   1   1   1
    1   3   3   2   2
    2   10   3   3   1
    3   24   6   3   1
    4   33   10   4   2
    5   32   11   5   1
    6   24   16   5   1
    7   19   19   4   2
    8   21   26   5   1
    9   28   33   7   1
    10   32   31   8   2
    11   28   28   7   1
    12   29   32   7   1
    13   31   32   8   2
    14   34   26   7   1
    15   35   29   5   1
    16   29   31   6   2
P and P35 under K
Round  DES0  DES1  DES2  DES3
    0   1   1   1   1
    1   3   3   2   2
    2   11   5   3   1
    3   24   10   3   1
    4   37   15   4   2
    5   38   24   5   1
    6   32   35   5   1
    7   32   35   4   2
    8   34   34   5   1
    9   38   32   7   1
    10   37   31   8   2
    11   33   37   7   1
    12   34   35   7   1
    13   35   33   8   2
    14   31   33   7   1
    15   28   35   5   1
    16   28   37   6   2
P and P36 under K
Round  DES0  DES1  DES2  DES3
    0   1   1   1   1
    1   6   6   2   2
    2   22   13   3   1
    3   41   23   3   1
    4   39   28   4   2
    5   35   27   5   1
    6   32   32   5   1
    7   28   33   4   2
    8   35   33   5   1
    9   36   32   7   1
    10   37   32   8   2
    11   37   31   7   1
    12   36   28   5   1
    13   38   34   4   2
    14   34   35   3   1
    15   32   31   3   1
    16   36   31   4   2
P and P37 under K
Round  DES0  DES1  DES2  DES3
    0   1   1   1   1
    1   7   7   2   2
    2   21   17   3   1
    3   29   21   3   1
    4   30   24   4   2
    5   29   32   5   1
    6   27   42   5   1
    7   27   42   4   2
    8   31   31   5   1
    9   32   32   7   1
    10   28   33   8   2
    11   27   28   7   1
    12   26   30   7   1
    13   27   34   8   2
    14   35   32   7   1
    15   35   31   5   1
    16   31   33   6   2
P and P38 under K
Round  DES0  DES1  DES2  DES3
    0   1   1   1   1
    1   3   3   2   2
    2   9   6   3   1
    3   27   12   3   1
    4   36   16   4   2
    5   35   17   5   1
    6   39   19   5   1
    7   42   22   4   2
    8   41   24   5   1
    9   36   25   7   1
    10   31   32   8   2
    11   33   40   7   1
    12   37   41   7   1
    13   37   37   8   2
    14   38   31   7   1
    15   34   28   5   1
    16   32   29   6   2
P and P39 under K
Round  DES0  DES1  DES2  DES3
    0   1   1   1   1
    1   4   4   2   2
    2   14   10   3   1
    3   25   14   3   1
    4   33   18   4   2
    5   35   24   5   1
    6   35   29   5   1
    7   38   32   4   2
    8   38   35   5   1
    9   36   35   7   1
    10   35   31   8   2
    11   31   27   7   1
    12   28   28   7   1
    13   30   31   8   2
    14   34   29   7   1
    15   31   33   5   1
    16   24   40   6   2
P and P40 under K
Round  DES0  DES1  DES2  DES3
    0   1   1   1   1
    1   7   7   2   2
    2   21   15   3   1
    3   34   15   3   1
    4   32   15   4   2
    5   27   20   5   1
    6   27   20   5   1
    7   25   26   4   2
    8   26   34   5   1
    9   25   31   7   1
    10   27   33   8   2
    11   33   37   7   1
    12   33   30   7   1
    13   32   24   8   2
    14   35   28   7   1
    15   37   33   5   1
    16   33   33   6   2
P and P41 under K
Round  DES0  DES1  DES2  DES3
    0   1   1   1   1
    1   6   6   2   2
    2   18   9   3   1
    3   27   10   3   1
    4   28   9   4   2
    5   30   10   5   1
    6   27   16   5   1
    7   26   22   4   2
    8   33   31   5   1
    9   39   33   7   1
    10   39   33   8   2
    11   33   35   7   1
    12   34   33   5   1
    13   36   38   4   2
    14   33   40   3   1
    15   33   30   3   1
    16   36   26   4   2
P and P42 under K
Round  DES0  DES1  DES2  DES3
    0   1   1   1   1
    1   5   5   2   2
    2   18   10   3   1
    3   30   14   3   1
    4   30   14   4   2
    5   27   16   5   1
    6   25   24   5   1
    7   25   22   4   2
    8   29   19   5   1
    9   34   25   7   1
    10   37   26   8   2
    11   38   29   7   1
    12   35   31   5   1
    13   37   34   4   2
    14   29   39   3   1
    15   24   39   3   1
    16   34   39   4   2
P and P43 under K
Round  DES0  DES1  DES2  DES3
    0   1   1   1   1
    1   3   3   2   2
    2   11   5   3   1
    3   29   7   3   1
    4   33   7   4   2
    5   25   6   5   1
    6   29   12   5   1
    7   38   19   4   2
    8   36   23   5   1
    9   36   27   7   1
    10   40   28   8   2
    11   35   31   7   1
    12   33   34   7   1
    13   32   30   8   2
    14   32   30   7   1
    15   32   33   5   1
    16   30   35   6   2
P and P44 under K
Round  DES0  DES1  DES2  DES3
    0   1   1   1   1
    1   6   6   2   2
    2   15   13   3   1
    3   25   18   3   1
    4   34   20   4   2
    5   34   24   5   1
    6   29   30   5   1
    7   32   36   4   2
    8   33   39   5   1
    9   29   30   7   1
    10   29   31   8   2
    11   31   35   7   1
    12   29   33   7   1
    13   32   32   8   2
    14   36   27   7   1
    15   31   32   5   1
    16   29   37   6   2
P and P45 under K
Round  DES0  DES1  DES2  DES3
    0   1   1   1   1
    1   5   5   2   2
    2   14   13   3   1
    3   23   21   3   1
    4   26   29   4   2
    5   28   35   5   1
    6   31   33   5   1
    7   32   33   4   2
    8   33   34   5   1
    9   34   28   7   1
    10   35   28   8   2
    11   36   29   7   1
    12   34   32   7   1
    13   30   34   8   2
    14   31   27   7   1
    15   33   25   5   1
    16   29   27   6   2
P and P46 under K
Round  DES0  DES1  DES2  DES3
    0   1   1   1   1
    1   3   3   2   2
    2   9   4   3   1
    3   22   10   3   1
    4   32   19   4   2
    5   30   23   5   1
    6   29   23   5   1
    7   30   29   4   2
    8   31   33   5   1
    9   30   30   7   1
    10   33   30   8   2
    11   36   30   7   1
    12   32   28   7   1
    13   37   25   8   2
    14   37   24   7   1
    15   30   24   5   1
    16   24   26   6   2
P and P47 under K
Round  DES0  DES1  DES2  DES3
    0   1   1   1   1
    1   3   3   2   2
    2   10   3   3   1
    3   23   4   3   1
    4   26   12   4   2
    5   29   20   5   1
    6   33   27   5   1
    7   27   30   4   2
    8   26   30   5   1
    9   33   35   7   1
    10   36   34   8   2
    11   32   29   7   1
    12   32   24   5   1
    13   39   31   4   2
    14   41   32   3   1
    15   35   28   3   1
    16   33   34   4   2
P and P48 under K
Round  DES0  DES1  DES2  DES3
    0   1   1   1   1
    1   6   6   2   2
    2   19   11   3   1
    3   29   18   3   1
    4   35   25   4   2
    5   32   30   5   1
    6   24   30   5   1
    7   31   30   4   2
    8   35   31   5   1
    9   29   28   7   1
    10   30   30   8   2
    11   35   32   7   1
    12   34   34   5   1
    13   30   35   4   2
    14   26   35   3   1
    15   26   29   3   1
    16   29   31   4   2
P and P49 under K
Round  DES0  DES1  DES2  DES3
    0   1   1   1   1
    1   6   6   2   2
    2   19   13   3   1
    3   32   19   3   1
    4   35   25   4   2
    5   30   28   5   1
    6   25   25   5   1
    7   27   28   4   2
    8   32   33   5   1
    9   31   30   7   1
    10   33   34   8   2
    11   34   34   7   1
    12   29   31   7   1
    13   26   34   8   2
    14   25   32   7   1
    15   28   34   5   1
    16   34   36   6   2
P and P50 under K
Round  DES0  DES1  DES2  DES3
    0   1   1   1   1
    1   3   3   2   2
    2   12   6   3   1
    3   27   10   3   1
    4   35   16   4   2
    5   38   23   5   1
    6   33   27   5   1
    7   28   35   4   2
    8   39   34   5   1
    9   43   31   7   1
    10   34   28   8   2
    11   28   26   7   1
    12   34   34   7   1
    13   37   30   8   2
    14   27   25   7   1
    15   25   26   5   1
    16   31   30   6   2
P and P51 under K
Round  DES0  DES1  DES2  DES3
    0   1   1   1   1
    1   4   4   2   2
    2   13   7   3   1
    3   27   10   3   1
    4   29   15   4   2
    5   24   20   5   1
    6   23   27   5   1
    7   29   32   4   2
    8   36   32   5   1
    9   32   34   7   1
    10   32   35   8   2
    11   32   33   7   1
    12   30   29   5   1
    13   36   32   4   2
    14   38   36   3   1
    15   30   38   3   1
    16   26   30   4   2
P and P52 under K
Round  DES0  DES1  DES2  DES3
    0   1   1   1   1
    1   5   5   2   2
    2   17   8   3   1
    3   29   13   3   1
    4   31   18   4   2
    5   31   19   5   1
    6   29   25   5   1
    7   30   28   4   2
    8   32   31   5   1
    9   30   37   7   1
    10   32   32   8   2
    11   33   30   7   1
    12   33   36   7   1
    13   34   36   8   2
    14   31   31   7   1
    15   30   30   5   1
    16   26   27   6   2
P and P53 under K
Round  DES0  DES1  DES2  DES3
    0   1   1   1   1
    1   9   9   2   2
    2   26   16   3   1
    3   34   19   3   1
    4   32   28   4   2
    5   24   30   5   1
    6   25   28   5   1
    7   31   33   4   2
    8   27   34   5   1
    9   27   33   7   1
    10   35   32   8   2
    11   37   33   7   1
    12   32   31   5   1
    13   33   26   4   2
    14   36   29   3   1
    15   34   35   3   1
    16   26   37   4   2
P and P54 under K
Round  DES0  DES1  DES2  DES3
    0   1   1   1   1
    1   3   3   2   2
    2   9   5   3   1
    3   28   10   3   1
    4   38   15   4   2
    5   30   17   5   1
    6   27   19   5   1
    7   29   25   4   2
    8   32   35   5   1
    9   32   38   7   1
    10   32   33   8   2
    11   32   29   7   1
    12   31   33   7   1
    13   29   34   8   2
    14   29   30   7   1
    15   27   33   5   1
    16   24   33   6   2
P and P55 under K
Round  DES0  DES1  DES2  DES3
    0   1   1   1   1
    1   4   4   2   2
    2   15   8   3   1
    3   30   13   3   1
    4   32   24   4   2
    5   33   29   5   1
    6   42   28   5   1
    7   40   33   4   2
    8   28   33   5   1
    9   24   32   7   1
    10   32   38   8   2
    11   37   29   7   1
    12   35   19   7   1
    13   33   27   8   2
    14   28   36   7   1
    15   29   40   5   1
    16   29   32   6   2
P and P56 under K
Round  DES0  DES1  DES2  DES3
    0   1   1   1   1
    1   7   7   2   2
    2   16   13   3   1
    3   30   18   3   1
    4   30   27   4   2
    5   27   30   5   1
    6   33   28   5   1
    7   30   33   4   2
    8   25   34   5   1
    9   31   33   7   1
    10   35   34   8   2
    11   30   31   7   1
    12   31   31   5   1
    13   34   36   4   2
    14   36   33   3   1
    15   31   23   3   1
    16   34   25   4   2
P and P57 under K
Round  DES0  DES1  DES2  DES3
    0   1   1   1   1
    1   6   6   2   2
    2   14   13   3   1
    3   25   20   3   1
    4   36   27   4   2
    5   33   33   5   1
    6   26   36   5   1
    7   26   38   4   2
    8   27   39   5   1
    9   23   35   7   1
    10   21   35   8   2
    11   24   34   7   1
    12   28   33   5   1
    13   31   35   4   2
    14   37   35   3   1
    15   39   32   3   1
    16   31   35   4   2
P and P58 under K
Round  DES0  DES1  DES2  DES3
    0   1   1   1   1
    1   5   5   2   2
    2   17   12   3   1
    3   29   17   3   1
    4   35   20   4   2
    5   35   23   5   1
    6   33   27   5   1
    7   33   29   4   2
    8   30   27   5   1
    9   30   32   7   1
    10   26   34   8   2
    11   24   36   7   1
    12   29   37   7   1
    13   34   36   8   2
    14   36   40   7   1
    15   33   36   5   1
    16   33   30   6   2
P and P59 under K
Round  DES0  DES1  DES2  DES3
    0   1   1   1   1
    1   3   3   2   2
    2   7   7   3   1
    3   17   11   3   1
    4   28   18   4   2
    5   30   25   5   1
    6   30   28   5   1
    7   35   31   4   2
    8   36   30   5   1
    9   41   30   7   1
    10   41   30   8   2
    11   33   24   7   1
    12   32   27   7   1
    13   30   36   8   2
    14   29   37   7   1
    15   31   33   5   1
    16   31   29   6   2
P and P60 under K
Round  DES0  DES1  DES2  DES3
    0   1   1   1   1
    1   8   8   2   2
    2   26   17   3   1
    3   37   22   3   1
    4   34   27   4   2
    5   33   34   5   1
    6   31   35   5   1
    7   30   34   4   2
    8   31   30   5   1
    9   30   30   7   1
    10   33   35   8   2
    11   36   33   7   1
    12   32   37   7   1
    13   31   38   8   2
    14   35   35   7   1
    15   30   31   5   1
    16   31   32   6   2
P and P61 under K
Round  DES0  DES1  DES2  DES3
    0   1   1   1   1
    1   6   6   2   2
    2   21   13   3   1
    3   32   20   3   1
    4   33   28   4   2
    5   39   31   5   1
    6   37   29   5   1
    7   27   32   4   2
    8   28   35   5   1
    9   34   38   7   1
    10   33   37   8   2
    11   30   33   7   1
    12   26   33   7   1
    13   30   33   8   2
    14   30   31   7   1
    15   27   31   5   1
    16   36   28   6   2
P and P62 under K
Round  DES0  DES1  DES2  DES3
    0   1   1   1   1
    1   3   3   2   2
    2   10   6   3   1
    3   21   11   3   1
    4   24   15   4   2
    5   23   16   5   1
    6   30   17   5   1
    7   38   21   4   2
    8   31   28   5   1
    9   28   31   7   1
    10   34   32   8   2
    11   35   34   7   1
    12   35   33   7   1
    13   37   32   8   2
    14   42   33   7   1
    15   39   35   5   1
    16   34   36   6   2
P and P63 under K
Round  DES0  DES1  DES2  DES3
    0   1   1   1   1
    1   3   3   2   2
    2   7   5   3   1
    3   16   8   3   1
    4   28   13   4   2
    5   32   18   5   1
    6   31   27   5   1
    7   27   29   4   2
    8   30   30   5   1
    9   39   35   7   1
    10   34   34   8   2
    11   26   28   7   1
    12   31   28   5   1
    13   38   34   4   2
    14   37   36   3   1
    15   34   33   3   1
    16   29   35   4   2
P and P64 under K
Round  DES0  DES1  DES2  DES3
    0   1   1   1   1
    1   5   5   2   2
    2   16   12   3   1
    3   30   20   3   1
    4   32   21   4   2
    5   30   17   5   1
    6   29   20   5   1
    7   27   27   4   2
    8   29   34   5   1
    9   32   39   7   1
    10   36   32   8   2
    11   34   32   7   1
    12   32   36   5   1
    13   32   37   4   2
    14   28   36   3   1
    15   24   31   3   1
    16   29   35   4   2
Average Table
Round  DES0  DES1  DES2  DES3
    1   2.9375   2.9375   1.5   1.5
    2   9.96875   7.234375   2.5   1.5
    3   21.921875   11.78125   3.0   1.0
    4   29.78125   16.25   3.5   1.5
    5   30.828125   20.59375   4.5   1.5
    6   30.9375   24.328125   5.0   1.0
    7   30.90625   27.375   4.5   1.5
    8   31.453125   29.96875   4.5   1.5
    9   32.234375   32.09375   6.0   1.0
    10   32.65625   32.6875   7.5   1.5
    11   32.53125   31.890625   7.5   1.5
    12   32.0   31.671875   6.625   1.0
    13   32.734375   32.453125   6.375   1.5
    14   33.453125   32.4375   6.0   1.5
    15   32.28125   31.921875   4.875   1.0
    16   31.578125   31.5   4.75   1.5


P under K and K1
Round  DES0  DES1  DES2  DES3
    0   0   0   0   0
    1   2   2   1   1
    2   12   11   3   3
    3   26   21   6   4
    4   29   27   8   4
    5   29   32   11   5
    6   36   36   13   7
    7   31   35   16   8
    8   26   30   18   8
    9   32   33   15   9
    10   38   37   15   11
    11   37   29   20   12
    12   37   28   21   13
    13   38   36   23   15
    14   32   34   28   16
    15   30   32   28   16
    16   34   22   22   16
P under K and K2
Round  DES0  DES1  DES2  DES3
    0   0   0   0   0
    1   2   2   1   1
    2   9   7   2   2
    3   18   12   4   2
    4   28   14   5   3
    5   28   19   7   3
    6   25   26   9   3
    7   31   25   12   6
    8   34   28   14   6
    9   32   36   17   5
    10   32   33   21   9
    11   34   31   25   9
    12   37   34   28   6
    13   38   32   30   10
    14   37   34   28   12
    15   34   34   24   10
    16   27   31   27   13
P under K and K3
Round  DES0  DES1  DES2  DES3
    0   0   0   0   0
    1   4   4   0   0
    2   19   11   0   0
    3   34   13   1   1
    4   35   15   2   2
    5   31   22   3   1
    6   30   28   3   1
    7   31   34   5   3
    8   36   34   7   3
    9   32   28   8   2
    10   28   26   8   4
    11   28   31   11   5
    12   27   37   15   3
    13   28   36   15   5
    14   30   30   14   8
    15   32   31   16   6
    16   34   30   19   7
P under K and K4
Round  DES0  DES1  DES2  DES3
    0   0   0   0   0
    1   4   4   0   0
    2   19   12   0   0
    3   33   20   1   1
    4   35   25   3   3
    5   35   29   5   3
    6   34   28   6   2
    7   30   31   7   3
    8   34   36   10   4
    9   37   31   12   4
    10   32   30   11   5
    11   35   30   11   7
    12   38   25   15   7
    13   37   24   21   7
    14   37   34   22   10
    15   32   34   23   11
    16   29   31   29   11
P under K and K5
Round  DES0  DES1  DES2  DES3
    0   0   0   0   0
    1   2   2   1   1
    2   8   8   3   3
    3   16   16   5   3
    4   24   22   6   2
    5   32   28   7   3
    6   33   30   8   4
    7   28   28   11   5
    8   26   28   14   6
    9   30   30   14   6
    10   31   37   15   7
    11   31   35   22   8
    12   37   33   29   9
    13   37   34   29   11
    14   32   36   29   11
    15   28   36   32   10
    16   30   27   30   12
P under K and K6
Round  DES0  DES1  DES2  DES3
    0   0   0   0   0
    1   0   0   0   0
    2   3   3   1   1
    3   13   11   3   3
    4   24   20   5   3
    5   27   22   5   3
    6   29   27   6   6
    7   32   34   8   6
    8   31   32   8   4
    9   30   28   9   7
    10   33   28   10   8
    11   36   33   15   5
    12   31   35   20   8
    13   23   35   21   11
    14   24   37   23   9
    15   32   35   26   12
    16   32   34   26   14
P under K and K7
Round  DES0  DES1  DES2  DES3
    0   0   0   0   0
    1   0   0   0   0
    2   3   4   1   1
    3   11   12   2   2
    4   21   15   3   1
    5   27   14   4   2
    6   27   14   6   4
    7   32   18   9   3
    8   31   26   9   5
    9   25   28   10   8
    10   28   27   13   7
    11   31   35   17   9
    12   35   37   19   11
    13   39   30   16   8
    14   35   29   18   10
    15   35   33   24   14
    16   38   30   22   12
P under K and K8
Round  DES0  DES1  DES2  DES3
    0   0   0   0   0
    1   3   3   1   1
    2   18   7   2   2
    3   27   14   3   1
    4   27   25   4   2
    5   29   31   7   5
    6   31   27   10   4
    7   37   34   11   3
    8   39   30   12   6
    9   41   26   15   7
    10   38   32   18   6
    11   30   31   21   7
    12   30   33   21   7
    13   32   27   25   7
    14   32   30   29   9
    15   32   31   28   8
    16   35   35   26   8
P under K and K9
Round  DES0  DES1  DES2  DES3
    0   0   0   0   0
    1   2   2   0   0
    2   9   7   1   1
    3   21   14   3   3
    4   35   23   5   3
    5   38   29   7   3
    6   30   35   9   5
    7   25   38   12   4
    8   25   32   14   4
    9   28   30   16   8
    10   34   34   18   8
    11   31   34   20   8
    12   29   34   17   11
    13   29   35   20   10
    14   31   31   24   10
    15   35   30   24   12
    16   31   32   25   11
P under K and K10
Round  DES0  DES1  DES2  DES3
    0   0   0   0   0
    1   0   0   0   0
    2   2   2   1   1
    3   12   4   3   3
    4   22   9   6   4
    5   28   15   7   5
    6   34   16   11   7
    7   37   26   16   8
    8   32   34   18   8
    9   28   29   18   8
    10   31   29   21   9
    11   28   31   25   11
    12   28   37   27   11
    13   35   40   27   11
    14   32   31   30   14
    15   29   29   31   15
    16   33   33   32   14
P under K and K11
Round  DES0  DES1  DES2  DES3
    0   0   0   0   0
    1   0   0   0   0
    2   3   2   0   0
    3   9   6   1   1
    4   19   12   3   3
    5   30   18   6   4
    6   30   19   9   5
    7   28   26   12   6
    8   31   39   15   5
    9   36   38   18   6
    10   38   31   20   8
    11   34   29   19   7
    12   30   26   19   9
    13   33   28   19   11
    14   36   33   24   8
    15   32   30   30   10
    16   29   30   29   13
P under K and K12
Round  DES0  DES1  DES2  DES3
    0   0   0   0   0
    1   2   2   1   1
    2   11   9   3   3
    3   24   18   6   4
    4   30   26   9   5
    5   28   28   12   6
    6   29   26   15   5
    7   35   29   14   6
    8   38   28   15   9
    9   36   33   17   9
    10   32   39   22   10
    11   33   32   24   12
    12   40   33   30   10
    13   40   32   35   11
    14   33   28   30   14
    15   31   30   28   12
    16   30   31   30   14
P under K and K13
Round  DES0  DES1  DES2  DES3
    0   0   0   0   0
    1   3   3   1   1
    2   13   9   2   2
    3   20   19   4   2
    4   27   25   6   4
    5   35   25   9   5
    6   34   31   12   4
    7   29   34   15   7
    8   30   32   17   9
    9   32   37   22   8
    10   30   37   26   10
    11   28   30   25   11
    12   26   27   27   11
    13   32   28   31   13
    14   36   32   34   12
    15   35   34   35   11
    16   35   31   33   13
P under K and K14
Round  DES0  DES1  DES2  DES3
    0   0   0   0   0
    1   3   3   1   1
    2   13   7   3   3
    3   27   15   6   4
    4   36   25   9   5
    5   36   23   12   6
    6   31   20   15   5
    7   28   29   18   6
    8   28   33   21   9
    9   30   31   24   8
    10   32   31   25   7
    11   30   31   25   9
    12   27   31   27   9
    13   31   27   28   10
    14   33   29   26   12
    15   27   34   25   11
    16   27   40   24   12
P under K and K15
Round  DES0  DES1  DES2  DES3
    0   0   0   0   0
    1   2   2   0   0
    2   11   10   1   1
    3   28   21   2   2
    4   30   23   4   2
    5   28   31   6   4
    6   32   35   10   6
    7   33   27   11   5
    8   35   26   12   6
    9   33   21   15   9
    10   37   25   19   9
    11   35   34   20   10
    12   28   32   21   13
    13   38   30   25   13
    14   42   34   29   13
    15   34   36   29   15
    16   34   34   28   16
P under K and K16
Round  DES0  DES1  DES2  DES3
    0   0   0   0   0
    1   3   3   1   1
    2   12   9   3   3
    3   18   15   3   3
    4   29   24   4   2
    5   36   30   6   4
    6   30   34   8   6
    7   36   37   9   5
    8   37   33   12   6
    9   29   29   17   9
    10   29   31   22   8
    11   32   33   23   7
    12   32   34   22   10
    13   29   35   23   11
    14   29   31   23   11
    15   33   35   24   14
    16   33   39   24   14
P under K and K17
Round  DES0  DES1  DES2  DES3
    0   0   0   0   0
    1   2   2   1   1
    2   10   11   3   3
    3   20   18   5   3
    4   36   20   6   2
    5   38   20   7   3
    6   29   21   10   4
    7   30   26   12   4
    8   33   30   12   4
    9   34   29   13   5
    10   34   34   18   6
    11   35   41   23   5
    12   30   36   22   6
    13   29   30   17   9
    14   30   30   18   8
    15   30   31   23   7
    16   33   27   23   9
P under K and K18
Round  DES0  DES1  DES2  DES3
    0   0   0   0   0
    1   2   2   0   0
    2   14   10   1   1
    3   26   17   3   3
    4   26   23   5   3
    5   26   28   6   2
    6   30   34   7   3
    7   35   35   10   4
    8   31   28   13   5
    9   26   27   13   7
    10   32   32   14   8
    11   30   32   18   8
    12   29   32   25   9
    13   33   35   27   11
    14   33   30   28   12
    15   35   27   34   12
    16   39   27   30   12
P under K and K19
Round  DES0  DES1  DES2  DES3
    0   0   0   0   0
    1   3   3   1   1
    2   13   7   2   2
    3   26   8   3   1
    4   35   10   3   1
    5   34   15   5   3
    6   31   22   8   4
    7   30   27   10   4
    8   28   28   9   5
    9   30   31   10   6
    10   32   33   14   6
    11   35   32   18   8
    12   35   33   20   10
    13   31   34   19   9
    14   24   36   21   9
    15   27   42   25   11
    16   35   40   26   12
P under K and K20
Round  DES0  DES1  DES2  DES3
    0   0   0   0   0
    1   2   2   0   0
    2   12   7   1   1
    3   22   9   2   2
    4   28   14   2   2
    5   33   20   2   4
    6   36   23   3   5
    7   33   25   5   3
    8   25   24   7   5
    9   31   32   9   7
    10   36   40   12   4
    11   33   35   14   6
    12   31   29   14   10
    13   30   31   16   8
    14   34   31   18   10
    15   31   30   21   13
    16   34   34   20   10
P under K and K21
Round  DES0  DES1  DES2  DES3
    0   0   0   0   0
    1   2   2   1   1
    2   14   10   2   2
    3   29   19   3   1
    4   32   26   4   2
    5   30   33   6   4
    6   29   29   9   3
    7   32   25   11   5
    8   32   26   11   7
    9   33   27   13   5
    10   36   33   20   8
    11   28   34   26   10
    12   29   31   22   6
    13   34   37   19   9
    14   33   38   21   13
    15   32   29   19   9
    16   28   27   19   11
P under K and K22
Round  DES0  DES1  DES2  DES3
    0   0   0   0   0
    1   2   2   1   1
    2   16   6   2   2
    3   36   10   4   2
    4   36   12   6   4
    5   33   15   9   5
    6   31   21   11   3
    7   26   28   13   5
    8   32   34   16   8
    9   37   39   20   6
    10   28   36   22   6
    11   27   30   24   8
    12   35   32   29   7
    13   34   34   30   8
    14   28   37   27   9
    15   29   35   24   8
    16   36   32   28   10
P under K and K23
Round  DES0  DES1  DES2  DES3
    0   0   0   0   0
    1   4   4   1   1
    2   22   13   3   3
    3   36   17   5   3
    4   35   22   7   3
    5   35   24   9   5
    6   35   20   12   4
    7   31   28   14   4
    8   34   32   14   8
    9   37   29   18   8
    10   35   31   20   8
    11   31   40   21   11
    12   29   37   20   10
    13   34   24   22   10
    14   34   29   28   12
    15   29   34   28   10
    16   27   33   23   11
P under K and K24
Round  DES0  DES1  DES2  DES3
    0   0   0   0   0
    1   2   2   1   1
    2   10   6   3   3
    3   26   14   6   4
    4   39   20   7   5
    5   38   19   9   7
    6   34   21   14   8
    7   34   24   16   8
    8   35   29   17   9
    9   32   31   21   11
    10   29   28   28   12
    11   28   30   30   12
    12   27   32   33   13
    13   33   30   33   15
    14   34   31   30   16
    15   32   33   30   16
    16   30   34   29   17
P under K and K25
Round  DES0  DES1  DES2  DES3
    0   0   0   0   0
    1   3   3   1   1
    2   15   9   3   3
    3   30   15   6   4
    4   32   26   9   5
    5   31   29   13   7
    6   38   24   17   7
    7   36   26   18   6
    8   29   31   18   8
    9   29   30   19   9
    10   28   35   20   8
    11   30   37   23   11
    12   31   37   26   12
    13   27   38   29   9
    14   34   34   32   12
    15   40   30   30   14
    16   36   26   28   10
P under K and K26
Round  DES0  DES1  DES2  DES3
    0   0   0   0   0
    1   2   2   0   0
    2   12   9   1   1
    3   29   19   3   3
    4   35   23   5   3
    5   37   27   6   2
    6   39   28   8   4
    7   33   25   12   6
    8   30   24   15   5
    9   31   24   14   6
    10   33   30   14   8
    11   34   32   20   6
    12   35   28   23   7
    13   35   28   22   10
    14   31   30   18   8
    15   30   33   20   10
    16   32   36   24   14
P under K and K27
Round  DES0  DES1  DES2  DES3
    0   0   0   0   0
    1   4   4   1   1
    2   21   8   3   3
    3   36   12   6   4
    4   31   21   8   4
    5   29   33   11   5
    6   31   40   15   7
    7   33   41   18   8
    8   34   39   20   8
    9   27   32   18   8
    10   28   29   15   9
    11   36   27   17   11
    12   36   24   25   11
    13   37   30   28   10
    14   36   36   25   11
    15   33   30   24   12
    16   30   30   26   12
P under K and K28
Round  DES0  DES1  DES2  DES3
    0   0   0   0   0
    1   2   2   0   0
    2   8   6   1   1
    3   19   11   3   3
    4   32   20   5   3
    5   35   26   6   2
    6   34   30   8   4
    7   36   37   12   6
    8   33   37   16   6
    9   28   27   17   7
    10   26   24   15   7
    11   29   31   17   7
    12   28   35   18   10
    13   27   33   18   10
    14   29   29   21   9
    15   33   26   23   13
    16   35   25   22   14
P under K and K29
Round  DES0  DES1  DES2  DES3
    0   0   0   0   0
    1   3   3   0   0
    2   15   9   0   0
    3   25   12   1   1
    4   31   15   3   3
    5   36   26   6   4
    6   33   33   6   4
    7   34   29   9   5
    8   34   30   12   6
    9   29   32   14   6
    10   36   36   16   8
    11   43   33   20   10
    12   37   27   24   10
    13   29   35   27   11
    14   28   30   30   12
    15   35   27   32   12
    16   38   33   29   13
P under K and K30
Round  DES0  DES1  DES2  DES3
    0   0   0   0   0
    1   2   2   1   1
    2   11   6   2   2
    3   24   10   3   1
    4   30   17   4   2
    5   30   25   5   5
    6   33   24   6   4
    7   36   28   10   4
    8   35   30   14   8
    9   31   30   13   7
    10   32   34   11   5
    11   30   38   15   9
    12   34   41   20   10
    13   41   37   19   9
    14   36   28   17   13
    15   34   26   22   14
    16   36   26   29   13
P under K and K31
Round  DES0  DES1  DES2  DES3
    0   0   0   0   0
    1   3   3   1   1
    2   16   10   2   2
    3   37   14   3   1
    4   43   16   3   1
    5   37   14   5   3
    6   28   13   7   3
    7   21   21   8   2
    8   28   34   8   4
    9   36   41   11   5
    10   35   32   15   3
    11   29   28   17   5
    12   27   31   18   8
    13   31   30   18   6
    14   30   23   18   6
    15   32   17   19   9
    16   40   29   21   9
P under K and K32
Round  DES0  DES1  DES2  DES3
    0   0   0   0   0
    1   2   2   1   1
    2   8   9   3   3
    3   25   23   4   4
    4   35   29   4   4
    5   35   31   5   5
    6   38   37   8   6
    7   36   37   11   5
    8   32   33   11   5
    9   33   36   11   7
    10   36   37   14   8
    11   32   33   16   8
    12   27   32   17   9
    13   30   35   20   10
    14   31   35   25   9
    15   29   28   24   10
    16   30   29   21   13
P under K and K33
Round  DES0  DES1  DES2  DES3
    0   0   0   0   0
    1   2   2   1   1
    2   12   9   2   2
    3   26   21   3   1
    4   26   28   4   2
    5   25   28   7   5
    6   31   31   10   4
    7   34   36   10   4
    8   36   38   8   8
    9   36   34   10   8
    10   37   33   16   8
    11   35   34   22   12
    12   35   31   21   11
    13   39   27   21   9
    14   31   30   25   13
    15   33   33   28   14
    16   37   33   30   12
P under K and K34
Round  DES0  DES1  DES2  DES3
    0   0   0   0   0
    1   4   4   1   1
    2   18   11   2   2
    3   31   19   4   2
    4   31   26   4   4
    5   29   27   5   5
    6   32   25   7   3
    7   34   26   9   5
    8   36   33   11   7
    9   40   36   12   4
    10   44   35   14   6
    11   42   32   16   10
    12   36   28   16   8
    13   33   30   18   10
    14   28   33   25   13
    15   27   33   25   9
    16   26   36   23   11
P under K and K35
Round  DES0  DES1  DES2  DES3
    0   0   0   0   0
    1   2   2   1   1
    2   9   8   2   2
    3   24   20   4   2
    4   36   29   5   3
    5   31   28   8   4
    6   27   27   11   5
    7   28   30   10   6
    8   29   28   9   5
    9   35   26   12   6
    10   32   31   16   8
    11   37   33   16   6
    12   41   26   17   7
    13   29   30   19   11
    14   31   42   19   9
    15   29   39   25   9
    16   28   32   27   13
P under K and K36
Round  DES0  DES1  DES2  DES3
    0   0   0   0   0
    1   2   2   0   0
    2   11   7   1   1
    3   22   18   3   3
    4   31   31   5   3
    5   32   39   6   2
    6   27   41   8   4
    7   29   34   12   6
    8   32   32   16   6
    9   28   38   15   7
    10   29   37   17   7
    11   30   30   23   7
    12   29   28   25   9
    13   29   40   22   8
    14   31   40   24   8
    15   34   29   32   12
    16   33   26   35   11
P under K and K37
Round  DES0  DES1  DES2  DES3
    0   0   0   0   0
    1   2   2   0   0
    2   9   8   0   0
    3   26   12   1   1
    4   36   13   2   2
    5   32   14   3   1
    6   30   13   4   2
    7   26   20   7   5
    8   27   26   10   4
    9   32   26   10   4
    10   33   29   9   7
    11   40   28   12   6
    12   38   29   16   6
    13   30   31   16   8
    14   32   26   16   6
    15   34   28   19   7
    16   29   34   23   11
P under K and K38
Round  DES0  DES1  DES2  DES3
    0   0   0   0   0
    1   0   0   0   0
    2   2   3   1   1
    3   10   10   3   3
    4   27   20   6   4
    5   39   26   9   5
    6   40   28   12   6
    7   36   25   16   6
    8   32   23   19   7
    9   32   24   22   8
    10   31   26   24   8
    11   33   31   29   9
    12   38   35   35   11
    13   39   36   34   12
    14   34   29   30   12
    15   31   26   27   13
    16   31   35   27   15
P under K and K39
Round  DES0  DES1  DES2  DES3
    0   0   0   0   0
    1   2   2   1   1
    2   10   6   2   2
    3   22   11   3   1
    4   29   16   4   2
    5   30   20   7   5
    6   31   24   11   5
    7   31   32   12   6
    8   30   34   15   9
    9   29   31   21   9
    10   31   33   23   9
    11   29   32   24   10
    12   23   34   24   10
    13   23   39   26   12
    14   26   33   29   13
    15   27   29   26   12
    16   30   25   25   15
P under K and K40
Round  DES0  DES1  DES2  DES3
    0   0   0   0   0
    1   4   4   0   0
    2   17   12   1   1
    3   31   19   2   2
    4   33   28   3   1
    5   29   30   4   2
    6   33   33   7   5
    7   30   31   10   4
    8   23   27   12   4
    9   33   30   13   7
    10   35   30   17   5
    11   29   31   21   5
    12   34   34   21   9
    13   37   31   19   7
    14   31   32   24   8
    15   30   38   30   12
    16   33   37   31   9
P under K and K41
Round  DES0  DES1  DES2  DES3
    0   0   0   0   0
    1   0   0   0   0
    2   3   4   1   1
    3   14   12   2   2
    4   24   19   4   2
    5   29   25   6   4
    6   28   28   8   6
    7   29   28   11   5
    8   33   31   13   5
    9   29   35   15   7
    10   33   35   18   8
    11   34   33   20   8
    12   28   30   22   8
    13   25   32   24   8
    14   24   35   25   9
    15   26   33   23   11
    16   22   34   22   12
P under K and K42
Round  DES0  DES1  DES2  DES3
    0   0   0   0   0
    1   2   2   0   0
    2   14   11   1   1
    3   27   21   2   2
    4   33   27   3   1
    5   32   27   4   2
    6   34   28   7   5
    7   33   30   11   5
    8   30   30   14   6
    9   30   31   16   8
    10   26   31   19   7
    11   29   31   23   9
    12   29   24   27   11
    13   34   32   25   9
    14   36   41   24   12
    15   30   34   26   14
    16   29   28   29   11
P under K and K43
Round  DES0  DES1  DES2  DES3
    0   0   0   0   0
    1   2   2   1   1
    2   12   9   3   3
    3   29   18   6   4
    4   36   21   9   5
    5   34   22   10   6
    6   38   22   14   6
    7   34   19   17   7
    8   30   24   17   7
    9   31   29   19   7
    10   26   24   24   10
    11   29   26   29   11
    12   37   30   30   10
    13   33   24   30   12
    14   30   27   31   13
    15   32   31   29   11
    16   30   23   28   12
P under K and K44
Round  DES0  DES1  DES2  DES3
    0   0   0   0   0
    1   0   0   0   0
    2   2   2   0   0
    3   9   8   1   1
    4   21   14   3   3
    5   27   19   5   3
    6   28   23   7   3
    7   28   21   10   6
    8   30   23   15   7
    9   32   36   16   6
    10   36   33   14   8
    11   34   23   16   10
    12   29   27   22   10
    13   34   27   22   12
    14   34   30   22   14
    15   27   39   26   14
    16   25   32   29   15
P under K and K45
Round  DES0  DES1  DES2  DES3
    0   0   0   0   0
    1   3   3   1   1
    2   14   11   2   2
    3   33   17   3   1
    4   38   23   4   2
    5   34   29   6   4
    6   33   35   8   2
    7   36   33   9   3
    8   34   31   11   7
    9   29   33   15   5
    10   34   27   19   5
    11   31   25   20   10
    12   31   27   24   8
    13   32   30   26   6
    14   31   33   25   11
    15   36   36   23   11
    16   38   35   25   9
P under K and K46
Round  DES0  DES1  DES2  DES3
    0   0   0   0   0
    1   0   0   0   0
    2   3   2   1   1
    3   14   7   2   2
    4   26   16   4   2
    5   37   28   5   3
    6   39   38   7   3
    7   32   34   8   2
    8   35   31   10   4
    9   40   33   12   6
    10   30   32   15   5
    11   25   39   18   6
    12   28   45   22   8
    13   32   39   26   6
    14   39   34   27   7
    15   40   35   25   11
    16   33   34   26   10
P under K and K47
Round  DES0  DES1  DES2  DES3
    0   0   0   0   0
    1   3   3   1   1
    2   19   7   2   2
    3   29   12   4   2
    4   29   21   6   4
    5   36   28   9   5
    6   37   29   10   4
    7   36   27   11   7
    8   37   28   12   8
    9   31   31   14   6
    10   28   28   18   10
    11   30   29   21   11
    12   31   34   25   7
    13   35   31   29   11
    14   31   27   30   14
    15   33   33   31   11
    16   36   36   34   14
P under K and K48
Round  DES0  DES1  DES2  DES3
    0   0   0   0   0
    1   3   3   1   1
    2   17   10   3   3
    3   32   15   6   4
    4   29   19   8   4
    5   30   21   10   4
    6   38   20   11   5
    7   37   21   12   6
    8   35   26   16   6
    9   38   26   16   8
    10   31   26   14   10
    11   25   34   18   10
    12   33   38   22   12
    13   36   36   21   13
    14   32   32   19   11
    15   30   32   21   13
    16   32   31   23   15
P under K and K49
Round  DES0  DES1  DES2  DES3
    0   0   0   0   0
    1   2   2   1   1
    2   16   9   3   3
    3   28   17   5   3
    4   29   21   7   3
    5   31   28   10   6
    6   29   34   12   6
    7   27   30   12   4
    8   29   30   14   6
    9   30   36   18   6
    10   32   40   18   4
    11   35   38   19   7
    12   34   35   23   9
    13   28   37   21   7
    14   31   34   21   9
    15   39   30   22   12
    16   32   30   26   10
P under K and K50
Round  DES0  DES1  DES2  DES3
    0   0   0   0   0
    1   4   4   1   1
    2   17   15   3   3
    3   34   18   5   3
    4   36   15   6   2
    5   32   17   8   4
    6   34   17   12   6
    7   29   18   16   6
    8   32   30   16   8
    9   37   40   19   9
    10   32   41   26   8
    11   35   42   28   10
    12   38   33   26   10
    13   32   27   27   9
    14   27   32   31   13
    15   26   32   31   13
    16   24   34   31   11
P under K and K51
Round  DES0  DES1  DES2  DES3
    0   0   0   0   0
    1   2   2   0   0
    2   14   7   1   1
    3   30   18   2   2
    4   33   31   3   1
    5   33   33   4   2
    6   36   30   7   5
    7   32   28   10   4
    8   28   32   11   3
    9   18   36   11   5
    10   17   35   15   5
    11   28   33   19   5
    12   30   27   18   6
    13   30   32   17   5
    14   33   39   22   6
    15   37   33   26   8
    16   30   34   20   6
P under K and K52
Round  DES0  DES1  DES2  DES3
    0   0   0   0   0
    1   3   3   0   0
    2   16   9   1   1
    3   33   13   3   3
    4   35   19   6   4
    5   29   28   8   4
    6   28   34   11   5
    7   23   34   14   6
    8   22   34   17   5
    9   26   36   17   5
    10   24   34   19   7
    11   30   38   24   8
    12   36   33   25   9
    13   34   27   24   10
    14   33   31   24   10
    15   34   31   27   11
    16   35   30   32   12
P under K and K53
Round  DES0  DES1  DES2  DES3
    0   0   0   0   0
    1   2   2   1   1
    2   12   9   2   2
    3   24   17   4   2
    4   28   24   6   4
    5   27   36   10   6
    6   27   39   12   6
    7   28   33   14   8
    8   31   32   18   10
    9   39   34   21   9
    10   35   38   23   9
    11   24   40   23   11
    12   26   36   24   12
    13   33   29   30   12
    14   38   29   33   13
    15   34   29   33   15
    16   33   30   31   15
P under K and K54
Round  DES0  DES1  DES2  DES3
    0   0   0   0   0
    1   0   0   0   0
    2   0   0   0   0
    3   0   0   0   0
    4   0   0   0   0
    5   0   0   0   0
    6   0   0   0   0
    7   0   0   0   0
    8   0   0   0   0
    9   0   0   0   0
    10   0   0   0   0
    11   0   0   0   0
    12   0   0   0   0
    13   0   0   0   0
    14   0   0   0   0
    15   0   0   0   0
    16   0   0   0   0
P under K and K55
Round  DES0  DES1  DES2  DES3
    0   0   0   0   0
    1   6   6   1   1
    2   21   15   2   2
    3   29   19   4   2
    4   32   26   7   5
    5   34   26   13   9
    6   31   25   18   8
    7   32   32   18   6
    8   24   28   19   9
    9   22   26   20   12
    10   32   32   23   11
    11   32   33   24   12
    12   34   33   20   14
    13   33   34   21   13
    14   28   34   24   16
    15   27   36   24   18
    16   32   33   26   16
P under K and K56
Round  DES0  DES1  DES2  DES3
    0   0   0   0   0
    1   2   2   1   1
    2   11   8   2   2
    3   23   16   3   1
    4   25   26   4   2
    5   27   29   5   5
    6   30   25   7   5
    7   26   27   10   6
    8   26   34   14   8
    9   31   32   17   7
    10   32   27   19   9
    11   28   31   19   11
    12   33   28   19   9
    13   37   28   20   12
    14   35   32   24   14
    15   33   28   30   10
    16   32   28   29   13
Average Table
Round  DES0  DES1  DES2  DES3
    1   2.2142857142857144   2.2142857142857144   0.5714285714285714   0.5714285714285714
    2   11.803571428571429   7.964285714285714   1.7142857142857142   1.7142857142857142
    3   24.339285714285715   14.589285714285714   3.357142857142857   2.2857142857142856
    4   30.178571428571427   20.660714285714285   4.928571428571429   2.857142857142857
    5   31.303571428571427   24.803571428571427   6.892857142857143   4.0
    6   31.517857142857142   26.803571428571427   9.285714285714286   4.571428571428571
    7   30.875   28.5   11.5   5.107142857142857
    8   30.696428571428573   29.910714285714285   13.321428571428571   6.214285714285714
    9   31.125   30.785714285714285   15.035714285714286   6.821428571428571
    10   31.410714285714285   31.571428571428573   17.357142857142858   7.392857142857143
    11   31.196428571428573   31.928571428571427   20.107142857142858   8.5
    12   31.482142857142858   31.392857142857142   22.107142857142858   9.107142857142858
    13   32.160714285714285   31.410714285714285   23.035714285714285   9.642857142857142
    14   31.464285714285715   31.696428571428573   24.321428571428573   10.75
    15   31.267857142857142   31.232142857142858   25.607142857142858   11.392857142857142
    16   31.428571428571427   30.857142857142858   26.0   11.928571428571429
