ENCRYPTION
Plaintext P: 0000000100100011010001010110011110001001101010111100110111101111
Key K: 00010010011010010101101111001001101101111011011111111000
Ciphertext C: 1000010111101000000100110101010000001111000010101011010000000101
Avalanche: 
P and P1 under K
Round	DES0	DES1	DES2	DES3
0       1       1       1       1
1   	1   	1   	1   	1
2   	8   	7   	2   	2
3   	21   	17   	3   	1
4   	30   	28   	3   	1
5   	31   	33   	4   	2
6   	29   	30   	5   	1
7   	31   	30   	5   	1
8   	34   	32   	4   	2
9   	30   	35   	5   	1
10   	27   	36   	7   	1
11   	29   	32   	8   	2
12   	29   	27   	7   	1
13   	30   	24   	5   	1
14   	31   	28   	4   	2
15   	29   	35   	3   	1
16   	32   	37   	3   	1
P and P2 under K
Round	DES0	DES1	DES2	DES3
0       1       1       1       1
1   	1   	1   	1   	1
2   	4   	3   	2   	2
3   	12   	8   	3   	1
4   	23   	10   	3   	1
5   	30   	10   	4   	2
6   	30   	16   	5   	1
7   	30   	21   	5   	1
8   	30   	25   	4   	2
9   	31   	31   	5   	1
10   	34   	35   	7   	1
11   	35   	36   	8   	2
12   	30   	29   	7   	1
13   	26   	29   	7   	1
14   	34   	36   	8   	2
15   	32   	31   	7   	1
16   	33   	28   	5   	1
P and P3 under K
Round	DES0	DES1	DES2	DES3
0       1       1       1       1
1   	1   	1   	1   	1
2   	3   	4   	2   	2
3   	7   	7   	3   	1
4   	14   	12   	3   	1
5   	22   	26   	4   	2
6   	30   	32   	5   	1
7   	31   	33   	5   	1
8   	26   	36   	4   	2
9   	28   	33   	5   	1
10   	31   	33   	7   	1
11   	30   	37   	8   	2
12   	28   	39   	7   	1
13   	30   	37   	7   	1
14   	30   	29   	8   	2
15   	30   	28   	7   	1
16   	37   	36   	5   	1
P and P4 under K
Round	DES0	DES1	DES2	DES3
0       1       1       1       1
1   	1   	1   	1   	1
2   	6   	5   	2   	2
3   	24   	7   	3   	1
4   	36   	6   	3   	1
5   	33   	11   	4   	2
6   	29   	19   	5   	1
7   	34   	23   	5   	1
8   	41   	29   	4   	2
9   	35   	35   	5   	1
10   	30   	33   	7   	1
11   	32   	31   	8   	2
12   	32   	34   	7   	1
13   	35   	31   	5   	1
14   	41   	34   	4   	2
15   	43   	42   	3   	1
16   	38   	38   	3   	1
P and P5 under K
Round	DES0	DES1	DES2	DES3
0       1       1       1       1
1   	1   	1   	1   	1
2   	6   	6   	2   	2
3   	19   	13   	3   	1
4   	27   	17   	3   	1
5   	31   	20   	4   	2
6   	33   	23   	5   	1
7   	27   	34   	5   	1
8   	31   	36   	4   	2
9   	35   	32   	5   	1
10   	26   	35   	7   	1
11   	25   	30   	8   	2
12   	31   	29   	7   	1
13   	31   	36   	7   	1
14   	28   	34   	8   	2
15   	32   	33   	7   	1
16   	39   	33   	5   	1
P and P6 under K
Round	DES0	DES1	DES2	DES3
0       1       1       1       1
1   	1   	1   	1   	1
2   	3   	3   	2   	2
3   	12   	9   	3   	1
4   	30   	18   	3   	1
5   	31   	22   	4   	2
6   	29   	27   	5   	1
7   	36   	24   	5   	1
8   	35   	19   	4   	2
9   	35   	27   	5   	1
10   	36   	34   	7   	1
11   	33   	32   	8   	2
12   	34   	29   	7   	1
13   	36   	32   	7   	1
14   	29   	30   	8   	2
15   	29   	27   	7   	1
16   	31   	24   	5   	1
P and P7 under K
Round	DES0	DES1	DES2	DES3
0       1       1       1       1
1   	1   	1   	1   	1
2   	4   	3   	2   	2
3   	16   	7   	3   	1
4   	30   	12   	3   	1
5   	29   	18   	4   	2
6   	29   	27   	5   	1
7   	35   	32   	5   	1
8   	34   	33   	4   	2
9   	33   	34   	5   	1
10   	36   	33   	7   	1
11   	40   	34   	8   	2
12   	39   	36   	7   	1
13   	38   	37   	7   	1
14   	31   	36   	8   	2
15   	29   	35   	7   	1
16   	39   	27   	5   	1
P and P8 under K
Round	DES0	DES1	DES2	DES3
0       1       1       1       1
1   	1   	1   	1   	1
2   	5   	6   	2   	2
3   	14   	10   	3   	1
4   	22   	10   	3   	1
5   	32   	10   	4   	2
6   	39   	18   	5   	1
7   	32   	30   	5   	1
8   	26   	31   	4   	2
9   	25   	32   	5   	1
10   	27   	35   	7   	1
11   	29   	35   	8   	2
12   	25   	32   	7   	1
13   	28   	34   	7   	1
14   	36   	35   	8   	2
15   	32   	29   	7   	1
16   	30   	27   	5   	1
P and P9 under K
Round	DES0	DES1	DES2	DES3
0       1       1       1       1
1   	1   	1   	1   	1
2   	6   	7   	2   	2
3   	22   	18   	3   	1
4   	31   	25   	3   	1
5   	32   	24   	4   	2
6   	29   	21   	5   	1
7   	28   	25   	5   	1
8   	32   	29   	4   	2
9   	26   	28   	5   	1
10   	29   	29   	7   	1
11   	37   	32   	8   	2
12   	35   	37   	7   	1
13   	34   	33   	5   	1
14   	35   	30   	4   	2
15   	35   	34   	3   	1
16   	36   	36   	3   	1
P and P10 under K
Round	DES0	DES1	DES2	DES3
0       1       1       1       1
1   	1   	1   	1   	1
2   	4   	4   	2   	2
3   	14   	6   	3   	1
4   	31   	10   	3   	1
5   	31   	19   	4   	2
6   	26   	25   	5   	1
7   	30   	29   	5   	1
8   	32   	29   	4   	2
9   	32   	30   	5   	1
10   	32   	35   	7   	1
11   	32   	37   	8   	2
12   	26   	31   	7   	1
13   	33   	27   	5   	1
14   	38   	30   	4   	2
15   	31   	30   	3   	1
16   	27   	30   	3   	1
P and P11 under K
Round	DES0	DES1	DES2	DES3
0       1       1       1       1
1   	1   	1   	1   	1
2   	3   	4   	2   	2
3   	13   	8   	3   	1
4   	25   	12   	3   	1
5   	35   	16   	4   	2
6   	33   	14   	5   	1
7   	32   	10   	5   	1
8   	36   	10   	4   	2
9   	35   	12   	5   	1
10   	32   	15   	7   	1
11   	30   	20   	8   	2
12   	33   	30   	7   	1
13   	34   	36   	7   	1
14   	33   	36   	8   	2
15   	26   	32   	7   	1
16   	21   	27   	5   	1
P and P12 under K
Round	DES0	DES1	DES2	DES3
0       1       1       1       1
1   	1   	1   	1   	1
2   	6   	6   	2   	2
3   	16   	13   	3   	1
4   	28   	21   	3   	1
5   	32   	26   	4   	2
6   	32   	30   	5   	1
7   	37   	34   	5   	1
8   	35   	32   	4   	2
9   	33   	27   	5   	1
10   	30   	31   	7   	1
11   	28   	39   	8   	2
12   	37   	31   	7   	1
13   	39   	30   	7   	1
14   	36   	32   	8   	2
15   	38   	26   	7   	1
16   	37   	25   	5   	1
P and P13 under K
Round	DES0	DES1	DES2	DES3
0       1       1       1       1
1   	1   	1   	1   	1
2   	8   	5   	2   	2
3   	20   	11   	3   	1
4   	29   	15   	3   	1
5   	37   	20   	4   	2
6   	41   	29   	5   	1
7   	37   	34   	5   	1
8   	31   	31   	4   	2
9   	30   	32   	5   	1
10   	30   	31   	7   	1
11   	29   	29   	8   	2
12   	32   	38   	7   	1
13   	37   	30   	7   	1
14   	41   	23   	8   	2
15   	40   	33   	7   	1
16   	37   	35   	5   	1
P and P14 under K
Round	DES0	DES1	DES2	DES3
0       1       1       1       1
1   	1   	1   	1   	1
2   	4   	4   	2   	2
3   	17   	7   	3   	1
4   	30   	14   	3   	1
5   	33   	22   	4   	2
6   	32   	27   	5   	1
7   	36   	32   	5   	1
8   	39   	34   	4   	2
9   	32   	32   	5   	1
10   	29   	32   	7   	1
11   	31   	31   	8   	2
12   	36   	32   	7   	1
13   	39   	31   	7   	1
14   	28   	24   	8   	2
15   	23   	27   	7   	1
16   	34   	36   	5   	1
P and P15 under K
Round	DES0	DES1	DES2	DES3
0       1       1       1       1
1   	1   	1   	1   	1
2   	3   	3   	2   	2
3   	12   	8   	3   	1
4   	24   	13   	3   	1
5   	32   	16   	4   	2
6   	35   	18   	5   	1
7   	35   	19   	5   	1
8   	35   	27   	4   	2
9   	31   	31   	5   	1
10   	35   	26   	7   	1
11   	37   	30   	8   	2
12   	28   	35   	7   	1
13   	26   	32   	5   	1
14   	31   	34   	4   	2
15   	30   	35   	3   	1
16   	30   	33   	3   	1
P and P16 under K
Round	DES0	DES1	DES2	DES3
0       1       1       1       1
1   	1   	1   	1   	1
2   	6   	7   	2   	2
3   	17   	15   	3   	1
4   	29   	17   	3   	1
5   	38   	16   	4   	2
6   	40   	18   	5   	1
7   	32   	27   	5   	1
8   	28   	36   	4   	2
9   	33   	31   	5   	1
10   	29   	29   	7   	1
11   	23   	35   	8   	2
12   	33   	38   	7   	1
13   	33   	35   	5   	1
14   	25   	30   	4   	2
15   	29   	30   	3   	1
16   	31   	34   	3   	1
P and P17 under K
Round	DES0	DES1	DES2	DES3
0       1       1       1       1
1   	1   	1   	1   	1
2   	5   	6   	2   	2
3   	18   	10   	3   	1
4   	28   	15   	3   	1
5   	27   	22   	4   	2
6   	29   	22   	5   	1
7   	27   	20   	5   	1
8   	27   	23   	4   	2
9   	34   	23   	5   	1
10   	36   	19   	7   	1
11   	33   	22   	8   	2
12   	30   	27   	7   	1
13   	36   	26   	7   	1
14   	35   	26   	8   	2
15   	31   	29   	7   	1
16   	34   	29   	5   	1
P and P18 under K
Round	DES0	DES1	DES2	DES3
0       1       1       1       1
1   	1   	1   	1   	1
2   	4   	3   	2   	2
3   	15   	6   	3   	1
4   	33   	13   	3   	1
5   	31   	21   	4   	2
6   	24   	29   	5   	1
7   	29   	34   	5   	1
8   	34   	27   	4   	2
9   	35   	26   	5   	1
10   	33   	33   	7   	1
11   	37   	34   	8   	2
12   	37   	28   	7   	1
13   	34   	28   	7   	1
14   	32   	26   	8   	2
15   	33   	22   	7   	1
16   	34   	31   	5   	1
P and P19 under K
Round	DES0	DES1	DES2	DES3
0       1       1       1       1
1   	1   	1   	1   	1
2   	4   	3   	2   	2
3   	13   	3   	3   	1
4   	30   	3   	3   	1
5   	38   	8   	4   	2
6   	33   	12   	5   	1
7   	36   	14   	5   	1
8   	35   	16   	4   	2
9   	34   	18   	5   	1
10   	41   	22   	7   	1
11   	42   	25   	8   	2
12   	39   	30   	7   	1
13   	35   	34   	5   	1
14   	30   	32   	4   	2
15   	35   	32   	3   	1
16   	40   	32   	3   	1
P and P20 under K
Round	DES0	DES1	DES2	DES3
0       1       1       1       1
1   	1   	1   	1   	1
2   	7   	7   	2   	2
3   	19   	16   	3   	1
4   	24   	27   	3   	1
5   	30   	33   	4   	2
6   	36   	31   	5   	1
7   	36   	30   	5   	1
8   	34   	30   	4   	2
9   	27   	29   	5   	1
10   	25   	32   	7   	1
11   	27   	32   	8   	2
12   	29   	28   	7   	1
13   	30   	27   	7   	1
14   	31   	30   	8   	2
15   	35   	37   	7   	1
16   	34   	38   	5   	1
P and P21 under K
Round	DES0	DES1	DES2	DES3
0       1       1       1       1
1   	1   	1   	1   	1
2   	6   	5   	2   	2
3   	16   	8   	3   	1
4   	27   	13   	3   	1
5   	35   	20   	4   	2
6   	32   	23   	5   	1
7   	32   	25   	5   	1
8   	29   	30   	4   	2
9   	26   	35   	5   	1
10   	32   	37   	7   	1
11   	28   	39   	8   	2
12   	26   	41   	7   	1
13   	28   	40   	5   	1
14   	32   	31   	4   	2
15   	34   	28   	3   	1
16   	31   	32   	3   	1
P and P22 under K
Round	DES0	DES1	DES2	DES3
0       1       1       1       1
1   	1   	1   	1   	1
2   	3   	4   	2   	2
3   	10   	5   	3   	1
4   	22   	7   	3   	1
5   	32   	10   	4   	2
6   	29   	14   	5   	1
7   	27   	20   	5   	1
8   	31   	27   	4   	2
9   	29   	36   	5   	1
10   	32   	35   	7   	1
11   	41   	33   	8   	2
12   	42   	36   	7   	1
13   	37   	41   	7   	1
14   	35   	42   	8   	2
15   	32   	34   	7   	1
16   	31   	32   	5   	1
P and P23 under K
Round	DES0	DES1	DES2	DES3
0       1       1       1       1
1   	1   	1   	1   	1
2   	3   	3   	2   	2
3   	8   	8   	3   	1
4   	24   	16   	3   	1
5   	35   	24   	4   	2
6   	33   	33   	5   	1
7   	32   	35   	5   	1
8   	33   	27   	4   	2
9   	36   	25   	5   	1
10   	33   	30   	7   	1
11   	31   	34   	8   	2
12   	40   	37   	7   	1
13   	36   	41   	7   	1
14   	28   	40   	8   	2
15   	27   	38   	7   	1
16   	34   	35   	5   	1
P and P24 under K
Round	DES0	DES1	DES2	DES3
0       1       1       1       1
1   	1   	1   	1   	1
2   	6   	6   	2   	2
3   	22   	17   	3   	1
4   	34   	27   	3   	1
5   	34   	29   	4   	2
6   	34   	26   	5   	1
7   	30   	27   	5   	1
8   	27   	28   	4   	2
9   	28   	27   	5   	1
10   	33   	30   	7   	1
11   	32   	30   	8   	2
12   	31   	26   	7   	1
13   	37   	26   	5   	1
14   	35   	29   	4   	2
15   	34   	32   	3   	1
16   	34   	33   	3   	1
P and P25 under K
Round	DES0	DES1	DES2	DES3
0       1       1       1       1
1   	1   	1   	1   	1
2   	5   	5   	2   	2
3   	17   	5   	3   	1
4   	30   	10   	3   	1
5   	33   	21   	4   	2
6   	32   	26   	5   	1
7   	33   	29   	5   	1
8   	30   	32   	4   	2
9   	27   	38   	5   	1
10   	34   	38   	7   	1
11   	37   	38   	8   	2
12   	36   	38   	7   	1
13   	38   	32   	5   	1
14   	31   	33   	4   	2
15   	30   	38   	3   	1
16   	39   	38   	3   	1
P and P26 under K
Round	DES0	DES1	DES2	DES3
0       1       1       1       1
1   	1   	1   	1   	1
2   	4   	3   	2   	2
3   	14   	4   	3   	1
4   	24   	9   	3   	1
5   	29   	14   	4   	2
6   	32   	16   	5   	1
7   	31   	20   	5   	1
8   	35   	25   	4   	2
9   	40   	36   	5   	1
10   	37   	40   	7   	1
11   	33   	37   	8   	2
12   	26   	36   	7   	1
13   	27   	37   	7   	1
14   	34   	36   	8   	2
15   	34   	26   	7   	1
16   	32   	28   	5   	1
P and P27 under K
Round	DES0	DES1	DES2	DES3
0       1       1       1       1
1   	1   	1   	1   	1
2   	4   	3   	2   	2
3   	17   	8   	3   	1
4   	29   	16   	3   	1
5   	28   	23   	4   	2
6   	30   	28   	5   	1
7   	30   	33   	5   	1
8   	29   	33   	4   	2
9   	30   	32   	5   	1
10   	35   	32   	7   	1
11   	35   	38   	8   	2
12   	28   	37   	7   	1
13   	30   	29   	7   	1
14   	29   	29   	8   	2
15   	32   	32   	7   	1
16   	33   	36   	5   	1
P and P28 under K
Round	DES0	DES1	DES2	DES3
0       1       1       1       1
1   	1   	1   	1   	1
2   	7   	5   	2   	2
3   	22   	11   	3   	1
4   	37   	17   	3   	1
5   	39   	30   	4   	2
6   	34   	35   	5   	1
7   	36   	32   	5   	1
8   	37   	33   	4   	2
9   	33   	29   	5   	1
10   	30   	31   	7   	1
11   	36   	35   	8   	2
12   	33   	32   	7   	1
13   	26   	28   	7   	1
14   	29   	27   	8   	2
15   	33   	30   	7   	1
16   	32   	34   	5   	1
P and P29 under K
Round	DES0	DES1	DES2	DES3
0       1       1       1       1
1   	1   	1   	1   	1
2   	6   	8   	2   	2
3   	20   	13   	3   	1
4   	32   	14   	3   	1
5   	32   	23   	4   	2
6   	28   	33   	5   	1
7   	29   	33   	5   	1
8   	33   	37   	4   	2
9   	35   	40   	5   	1
10   	35   	32   	7   	1
11   	34   	32   	8   	2
12   	32   	34   	7   	1
13   	28   	32   	7   	1
14   	28   	28   	8   	2
15   	31   	29   	7   	1
16   	32   	33   	5   	1
P and P30 under K
Round	DES0	DES1	DES2	DES3
0       1       1       1       1
1   	1   	1   	1   	1
2   	5   	3   	2   	2
3   	19   	10   	3   	1
4   	30   	16   	3   	1
5   	33   	26   	4   	2
6   	34   	32   	5   	1
7   	33   	30   	5   	1
8   	38   	33   	4   	2
9   	41   	34   	5   	1
10   	30   	34   	7   	1
11   	28   	32   	8   	2
12   	36   	31   	7   	1
13   	35   	30   	7   	1
14   	34   	33   	8   	2
15   	34   	35   	7   	1
16   	31   	32   	5   	1
P and P31 under K
Round	DES0	DES1	DES2	DES3
0       1       1       1       1
1   	1   	1   	1   	1
2   	3   	4   	2   	2
3   	8   	5   	3   	1
4   	21   	8   	3   	1
5   	33   	18   	4   	2
6   	31   	22   	5   	1
7   	28   	26   	5   	1
8   	29   	34   	4   	2
9   	26   	34   	5   	1
10   	29   	34   	7   	1
11   	29   	37   	8   	2
12   	31   	40   	7   	1
13   	29   	39   	5   	1
14   	24   	37   	4   	2
15   	26   	36   	3   	1
16   	28   	31   	3   	1
P and P32 under K
Round	DES0	DES1	DES2	DES3
0       1       1       1       1
1   	1   	1   	1   	1
2   	6   	5   	2   	2
3   	18   	13   	3   	1
4   	25   	18   	3   	1
5   	29   	18   	4   	2
6   	31   	23   	5   	1
7   	28   	26   	5   	1
8   	30   	29   	4   	2
9   	34   	31   	5   	1
10   	33   	29   	7   	1
11   	29   	30   	8   	2
12   	29   	36   	7   	1
13   	33   	36   	5   	1
14   	36   	25   	4   	2
15   	34   	24   	3   	1
16   	32   	26   	3   	1
P and P33 under K
Round	DES0	DES1	DES2	DES3
0       1       1       1       1
1   	5   	5   	2   	2
2   	17   	8   	3   	1
3   	25   	13   	3   	1
4   	28   	21   	4   	2
5   	30   	28   	5   	1
6   	32   	31   	5   	1
7   	29   	34   	4   	2
8   	25   	34   	5   	1
9   	28   	30   	7   	1
10   	28   	32   	8   	2
11   	30   	36   	7   	1
12   	31   	34   	5   	1
13   	27   	35   	4   	2
14   	32   	29   	3   	1
15   	37   	25   	3   	1
16   	33   	34   	4   	2
P and P34 under K
Round	DES0	DES1	DES2	DES3
0       1       1       1       1
1   	3   	3   	2   	2
2   	7   	4   	3   	1
3   	12   	4   	3   	1
4   	19   	7   	4   	2
5   	35   	11   	5   	1
6   	41   	16   	5   	1
7   	35   	19   	4   	2
8   	33   	20   	5   	1
9   	29   	30   	7   	1
10   	30   	33   	8   	2
11   	32   	28   	7   	1
12   	30   	30   	7   	1
13   	31   	30   	8   	2
14   	32   	31   	7   	1
15   	36   	30   	5   	1
16   	39   	28   	6   	2
P and P35 under K
Round	DES0	DES1	DES2	DES3
0       1       1       1       1
1   	3   	3   	2   	2
2   	9   	6   	3   	1
3   	23   	9   	3   	1
4   	31   	17   	4   	2
5   	31   	30   	5   	1
6   	35   	33   	5   	1
7   	30   	34   	4   	2
8   	26   	34   	5   	1
9   	35   	33   	7   	1
10   	39   	35   	8   	2
11   	34   	36   	7   	1
12   	28   	37   	7   	1
13   	27   	33   	8   	2
14   	27   	35   	7   	1
15   	29   	42   	5   	1
16   	29   	40   	6   	2
P and P36 under K
Round	DES0	DES1	DES2	DES3
0       1       1       1       1
1   	6   	6   	2   	2
2   	21   	14   	3   	1
3   	29   	24   	3   	1
4   	29   	31   	4   	2
5   	34   	33   	5   	1
6   	34   	35   	5   	1
7   	28   	33   	4   	2
8   	28   	35   	5   	1
9   	30   	35   	7   	1
10   	29   	32   	8   	2
11   	29   	34   	7   	1
12   	26   	34   	5   	1
13   	28   	32   	4   	2
14   	32   	30   	3   	1
15   	37   	31   	3   	1
16   	40   	32   	4   	2
P and P37 under K
Round	DES0	DES1	DES2	DES3
0       1       1       1       1
1   	6   	6   	2   	2
2   	21   	11   	3   	1
3   	30   	16   	3   	1
4   	29   	26   	4   	2
5   	34   	33   	5   	1
6   	33   	28   	5   	1
7   	35   	27   	4   	2
8   	35   	34   	5   	1
9   	33   	35   	7   	1
10   	33   	35   	8   	2
11   	33   	34   	7   	1
12   	38   	30   	7   	1
13   	34   	31   	8   	2
14   	32   	29   	7   	1
15   	33   	29   	5   	1
16   	33   	33   	6   	2
P and P38 under K
Round	DES0	DES1	DES2	DES3
0       1       1       1       1
1   	4   	4   	2   	2
2   	16   	7   	3   	1
3   	28   	10   	3   	1
4   	31   	14   	4   	2
5   	35   	19   	5   	1
6   	34   	19   	5   	1
7   	35   	16   	4   	2
8   	38   	23   	5   	1
9   	32   	33   	7   	1
10   	24   	32   	8   	2
11   	27   	31   	7   	1
12   	33   	32   	7   	1
13   	33   	27   	8   	2
14   	32   	33   	7   	1
15   	34   	41   	5   	1
16   	39   	38   	6   	2
P and P39 under K
Round	DES0	DES1	DES2	DES3
0       1       1       1       1
1   	3   	3   	2   	2
2   	13   	8   	3   	1
3   	25   	16   	3   	1
4   	25   	26   	4   	2
5   	28   	37   	5   	1
6   	30   	36   	5   	1
7   	29   	34   	4   	2
8   	28   	31   	5   	1
9   	28   	27   	7   	1
10   	28   	31   	8   	2
11   	27   	31   	7   	1
12   	28   	34   	7   	1
13   	29   	40   	8   	2
14   	38   	34   	7   	1
15   	42   	25   	5   	1
16   	39   	31   	6   	2
P and P40 under K
Round	DES0	DES1	DES2	DES3
0       1       1       1       1
1   	7   	7   	2   	2
2   	17   	13   	3   	1
3   	24   	15   	3   	1
4   	28   	18   	4   	2
5   	29   	24   	5   	1
6   	32   	27   	5   	1
7   	42   	29   	4   	2
8   	39   	30   	5   	1
9   	29   	27   	7   	1
10   	32   	26   	8   	2
11   	35   	29   	7   	1
12   	33   	35   	7   	1
13   	33   	39   	8   	2
14   	32   	36   	7   	1
15   	35   	32   	5   	1
16   	36   	32   	6   	2
P and P41 under K
Round	DES0	DES1	DES2	DES3
0       1       1       1       1
1   	6   	6   	2   	2
2   	20   	14   	3   	1
3   	29   	16   	3   	1
4   	37   	21   	4   	2
5   	36   	26   	5   	1
6   	27   	31   	5   	1
7   	35   	34   	4   	2
8   	33   	35   	5   	1
9   	30   	38   	7   	1
10   	31   	33   	8   	2
11   	29   	27   	7   	1
12   	33   	26   	5   	1
13   	34   	32   	4   	2
14   	36   	34   	3   	1
15   	39   	34   	3   	1
16   	33   	34   	4   	2
P and P42 under K
Round	DES0	DES1	DES2	DES3
0       1       1       1       1
1   	4   	4   	2   	2
2   	15   	12   	3   	1
3   	26   	20   	3   	1
4   	29   	27   	4   	2
5   	32   	26   	5   	1
6   	32   	28   	5   	1
7   	35   	32   	4   	2
8   	32   	32   	5   	1
9   	25   	41   	7   	1
10   	26   	41   	8   	2
11   	37   	32   	7   	1
12   	37   	28   	5   	1
13   	33   	31   	4   	2
14   	34   	31   	3   	1
15   	34   	27   	3   	1
16   	38   	27   	4   	2
P and P43 under K
Round	DES0	DES1	DES2	DES3
0       1       1       1       1
1   	4   	4   	2   	2
2   	16   	9   	3   	1
3   	29   	16   	3   	1
4   	34   	25   	4   	2
5   	35   	27   	5   	1
6   	32   	28   	5   	1
7   	31   	29   	4   	2
8   	36   	31   	5   	1
9   	39   	39   	7   	1
10   	35   	38   	8   	2
11   	37   	34   	7   	1
12   	32   	34   	7   	1
13   	29   	33   	8   	2
14   	31   	32   	7   	1
15   	26   	35   	5   	1
16   	30   	34   	6   	2
P and P44 under K
Round	DES0	DES1	DES2	DES3
0       1       1       1       1
1   	6   	6   	2   	2
2   	15   	11   	3   	1
3   	26   	16   	3   	1
4   	34   	23   	4   	2
5   	31   	25   	5   	1
6   	29   	34   	5   	1
7   	35   	38   	4   	2
8   	34   	31   	5   	1
9   	35   	33   	7   	1
10   	37   	33   	8   	2
11   	34   	38   	7   	1
12   	33   	40   	7   	1
13   	36   	37   	8   	2
14   	33   	36   	7   	1
15   	34   	33   	5   	1
16   	36   	37   	6   	2
P and P45 under K
Round	DES0	DES1	DES2	DES3
0       1       1       1       1
1   	6   	6   	2   	2
2   	15   	13   	3   	1
3   	26   	21   	3   	1
4   	27   	27   	4   	2
5   	24   	22   	5   	1
6   	28   	23   	5   	1
7   	31   	32   	4   	2
8   	28   	29   	5   	1
9   	20   	31   	7   	1
10   	23   	35   	8   	2
11   	33   	35   	7   	1
12   	32   	36   	7   	1
13   	29   	30   	8   	2
14   	30   	30   	7   	1
15   	31   	30   	5   	1
16   	29   	34   	6   	2
P and P46 under K
Round	DES0	DES1	DES2	DES3
0       1       1       1       1
1   	3   	3   	2   	2
2   	9   	5   	3   	1
3   	23   	7   	3   	1
4   	27   	10   	4   	2
5   	22   	15   	5   	1
6   	31   	20   	5   	1
7   	33   	26   	4   	2
8   	31   	31   	5   	1
9   	33   	32   	7   	1
10   	33   	30   	8   	2
11   	38   	29   	7   	1
12   	35   	33   	7   	1
13   	26   	32   	8   	2
14   	25   	34   	7   	1
15   	31   	36   	5   	1
16   	35   	33   	6   	2
P and P47 under K
Round	DES0	DES1	DES2	DES3
0       1       1       1       1
1   	4   	4   	2   	2
2   	18   	12   	3   	1
3   	25   	16   	3   	1
4   	29   	15   	4   	2
5   	33   	17   	5   	1
6   	32   	22   	5   	1
7   	38   	31   	4   	2
8   	37   	35   	5   	1
9   	34   	35   	7   	1
10   	35   	34   	8   	2
11   	34   	29   	7   	1
12   	36   	28   	5   	1
13   	37   	34   	4   	2
14   	33   	33   	3   	1
15   	30   	28   	3   	1
16   	32   	31   	4   	2
P and P48 under K
Round	DES0	DES1	DES2	DES3
0       1       1       1       1
1   	6   	6   	2   	2
2   	22   	10   	3   	1
3   	38   	10   	3   	1
4   	34   	17   	4   	2
5   	28   	28   	5   	1
6   	29   	29   	5   	1
7   	36   	26   	4   	2
8   	37   	30   	5   	1
9   	27   	36   	7   	1
10   	27   	34   	8   	2
11   	36   	28   	7   	1
12   	41   	30   	5   	1
13   	38   	32   	4   	2
14   	33   	26   	3   	1
15   	27   	29   	3   	1
16   	30   	29   	4   	2
P and P49 under K
Round	DES0	DES1	DES2	DES3
0       1       1       1       1
1   	6   	6   	2   	2
2   	22   	11   	3   	1
3   	34   	16   	3   	1
4   	33   	16   	4   	2
5   	29   	18   	5   	1
6   	32   	21   	5   	1
7   	35   	24   	4   	2
8   	34   	26   	5   	1
9   	32   	30   	7   	1
10   	29   	36   	8   	2
11   	35   	34   	7   	1
12   	36   	32   	7   	1
13   	35   	34   	8   	2
14   	30   	38   	7   	1
15   	27   	35   	5   	1
16   	33   	29   	6   	2
P and P50 under K
Round	DES0	DES1	DES2	DES3
0       1       1       1       1
1   	4   	4   	2   	2
2   	13   	9   	3   	1
3   	28   	15   	3   	1
4   	36   	23   	4   	2
5   	29   	31   	5   	1
6   	32   	30   	5   	1
7   	36   	29   	4   	2
8   	29   	28   	5   	1
9   	31   	27   	7   	1
10   	35   	27   	8   	2
11   	35   	29   	7   	1
12   	36   	30   	7   	1
13   	30   	28   	8   	2
14   	28   	30   	7   	1
15   	41   	34   	5   	1
16   	43   	36   	6   	2
P and P51 under K
Round	DES0	DES1	DES2	DES3
0       1       1       1       1
1   	4   	4   	2   	2
2   	13   	10   	3   	1
3   	24   	14   	3   	1
4   	32   	18   	4   	2
5   	36   	24   	5   	1
6   	34   	30   	5   	1
7   	33   	39   	4   	2
8   	33   	34   	5   	1
9   	28   	32   	7   	1
10   	26   	41   	8   	2
11   	31   	37   	7   	1
12   	34   	33   	5   	1
13   	39   	37   	4   	2
14   	39   	35   	3   	1
15   	30   	33   	3   	1
16   	29   	33   	4   	2
P and P52 under K
Round	DES0	DES1	DES2	DES3
0       1       1       1       1
1   	6   	6   	2   	2
2   	21   	9   	3   	1
3   	34   	11   	3   	1
4   	30   	18   	4   	2
5   	26   	25   	5   	1
6   	30   	31   	5   	1
7   	33   	35   	4   	2
8   	30   	34   	5   	1
9   	29   	34   	7   	1
10   	39   	31   	8   	2
11   	44   	28   	7   	1
12   	38   	30   	7   	1
13   	28   	37   	8   	2
14   	26   	38   	7   	1
15   	32   	31   	5   	1
16   	33   	26   	6   	2
P and P53 under K
Round	DES0	DES1	DES2	DES3
0       1       1       1       1
1   	6   	6   	2   	2
2   	18   	15   	3   	1
3   	27   	20   	3   	1
4   	33   	27   	4   	2
5   	37   	30   	5   	1
6   	37   	21   	5   	1
7   	35   	20   	4   	2
8   	33   	31   	5   	1
9   	38   	32   	7   	1
10   	41   	26   	8   	2
11   	37   	30   	7   	1
12   	33   	34   	5   	1
13   	34   	28   	4   	2
14   	31   	30   	3   	1
15   	30   	31   	3   	1
16   	33   	27   	4   	2
P and P54 under K
Round	DES0	DES1	DES2	DES3
0       1       1       1       1
1   	3   	3   	2   	2
2   	10   	3   	3   	1
3   	23   	6   	3   	1
4   	30   	12   	4   	2
5   	30   	16   	5   	1
6   	30   	21   	5   	1
7   	25   	28   	4   	2
8   	22   	30   	5   	1
9   	35   	31   	7   	1
10   	39   	32   	8   	2
11   	26   	27   	7   	1
12   	30   	27   	7   	1
13   	37   	35   	8   	2
14   	33   	37   	7   	1
15   	36   	32   	5   	1
16   	33   	28   	6   	2
P and P55 under K
Round	DES0	DES1	DES2	DES3
0       1       1       1       1
1   	4   	4   	2   	2
2   	14   	10   	3   	1
3   	28   	18   	3   	1
4   	31   	24   	4   	2
5   	30   	28   	5   	1
6   	31   	25   	5   	1
7   	36   	26   	4   	2
8   	38   	32   	5   	1
9   	37   	30   	7   	1
10   	38   	28   	8   	2
11   	29   	37   	7   	1
12   	29   	33   	7   	1
13   	30   	25   	8   	2
14   	31   	25   	7   	1
15   	34   	24   	5   	1
16   	29   	37   	6   	2
P and P56 under K
Round	DES0	DES1	DES2	DES3
0       1       1       1       1
1   	8   	8   	2   	2
2   	24   	17   	3   	1
3   	35   	19   	3   	1
4   	39   	22   	4   	2
5   	34   	31   	5   	1
6   	29   	34   	5   	1
7   	34   	35   	4   	2
8   	29   	33   	5   	1
9   	27   	30   	7   	1
10   	34   	36   	8   	2
11   	35   	35   	7   	1
12   	36   	33   	5   	1
13   	35   	33   	4   	2
14   	32   	30   	3   	1
15   	32   	31   	3   	1
16   	28   	31   	4   	2
P and P57 under K
Round	DES0	DES1	DES2	DES3
0       1       1       1       1
1   	6   	6   	2   	2
2   	21   	9   	3   	1
3   	34   	13   	3   	1
4   	28   	19   	4   	2
5   	23   	25   	5   	1
6   	31   	30   	5   	1
7   	39   	31   	4   	2
8   	39   	31   	5   	1
9   	36   	29   	7   	1
10   	33   	28   	8   	2
11   	33   	28   	7   	1
12   	34   	30   	5   	1
13   	32   	26   	4   	2
14   	36   	27   	3   	1
15   	40   	34   	3   	1
16   	40   	30   	4   	2
P and P58 under K
Round	DES0	DES1	DES2	DES3
0       1       1       1       1
1   	5   	5   	2   	2
2   	18   	10   	3   	1
3   	28   	13   	3   	1
4   	30   	15   	4   	2
5   	34   	28   	5   	1
6   	35   	39   	5   	1
7   	36   	33   	4   	2
8   	36   	28   	5   	1
9   	34   	28   	7   	1
10   	29   	28   	8   	2
11   	33   	26   	7   	1
12   	38   	28   	7   	1
13   	30   	36   	8   	2
14   	25   	35   	7   	1
15   	29   	31   	5   	1
16   	32   	30   	6   	2
P and P59 under K
Round	DES0	DES1	DES2	DES3
0       1       1       1       1
1   	3   	3   	2   	2
2   	9   	7   	3   	1
3   	26   	12   	3   	1
4   	32   	19   	4   	2
5   	26   	28   	5   	1
6   	32   	30   	5   	1
7   	33   	26   	4   	2
8   	34   	27   	5   	1
9   	37   	32   	7   	1
10   	31   	35   	8   	2
11   	31   	35   	7   	1
12   	32   	34   	7   	1
13   	30   	30   	8   	2
14   	26   	34   	7   	1
15   	22   	36   	5   	1
16   	27   	32   	6   	2
P and P60 under K
Round	DES0	DES1	DES2	DES3
0       1       1       1       1
1   	8   	8   	2   	2
2   	24   	14   	3   	1
3   	34   	22   	3   	1
4   	34   	28   	4   	2
5   	33   	29   	5   	1
6   	29   	35   	5   	1
7   	28   	34   	4   	2
8   	37   	35   	5   	1
9   	40   	36   	7   	1
10   	35   	33   	8   	2
11   	35   	35   	7   	1
12   	34   	33   	7   	1
13   	28   	30   	8   	2
14   	25   	31   	7   	1
15   	28   	28   	5   	1
16   	28   	32   	6   	2
P and P61 under K
Round	DES0	DES1	DES2	DES3
0       1       1       1       1
1   	6   	6   	2   	2
2   	18   	11   	3   	1
3   	26   	9   	3   	1
4   	28   	9   	4   	2
5   	29   	16   	5   	1
6   	32   	25   	5   	1
7   	35   	30   	4   	2
8   	33   	32   	5   	1
9   	32   	32   	7   	1
10   	33   	31   	8   	2
11   	35   	33   	7   	1
12   	37   	33   	7   	1
13   	35   	32   	8   	2
14   	38   	31   	7   	1
15   	38   	30   	5   	1
16   	31   	32   	6   	2
P and P62 under K
Round	DES0	DES1	DES2	DES3
0       1       1       1       1
1   	3   	3   	2   	2
2   	8   	4   	3   	1
3   	20   	9   	3   	1
4   	31   	16   	4   	2
5   	28   	19   	5   	1
6   	29   	22   	5   	1
7   	27   	30   	4   	2
8   	25   	33   	5   	1
9   	33   	33   	7   	1
10   	33   	35   	8   	2
11   	37   	31   	7   	1
12   	37   	35   	7   	1
13   	33   	38   	8   	2
14   	37   	34   	7   	1
15   	38   	33   	5   	1
16   	32   	33   	6   	2
P and P63 under K
Round	DES0	DES1	DES2	DES3
0       1       1       1       1
1   	3   	3   	2   	2
2   	9   	5   	3   	1
3   	25   	10   	3   	1
4   	33   	15   	4   	2
5   	29   	17   	5   	1
6   	30   	26   	5   	1
7   	33   	34   	4   	2
8   	32   	34   	5   	1
9   	25   	34   	7   	1
10   	29   	39   	8   	2
11   	36   	43   	7   	1
12   	30   	39   	5   	1
13   	26   	32   	4   	2
14   	29   	30   	3   	1
15   	30   	31   	3   	1
16   	31   	35   	4   	2
P and P64 under K
Round	DES0	DES1	DES2	DES3
0       1       1       1       1
1   	5   	5   	2   	2
2   	12   	10   	3   	1
3   	22   	15   	3   	1
4   	31   	22   	4   	2
5   	34   	26   	5   	1
6   	32   	26   	5   	1
7   	37   	30   	4   	2
8   	41   	34   	5   	1
9   	30   	35   	7   	1
10   	24   	36   	8   	2
11   	28   	41   	7   	1
12   	34   	37   	5   	1
13   	32   	27   	4   	2
14   	30   	29   	3   	1
15   	37   	32   	3   	1
16   	36   	31   	4   	2

P under K and K1
Round	DES0	DES1	DES2	DES3
0       0       0       0       0
1   	20   	20   	13   	13
2   	33   	35   	29   	23
3   	29   	34   	27   	19
4   	36   	36   	26   	26
5   	33   	36   	28   	30
6   	26   	37   	30   	28
7   	31   	30   	31   	35
8   	34   	26   	32   	38
9   	38   	38   	34   	34
10   	40   	36   	32   	34
11   	38   	31   	32   	34
12   	37   	37   	38   	32
13   	34   	31   	35   	33
14   	30   	29   	28   	36
15   	29   	27   	29   	35
16   	34   	26   	28   	32
P under K and K2
Round	DES0	DES1	DES2	DES3
0       0       0       0       0
1   	21   	21   	13   	13
2   	34   	36   	30   	22
3   	34   	32   	27   	17
4   	39   	37   	25   	25
5   	33   	35   	30   	28
6   	29   	31   	32   	26
7   	29   	31   	31   	37
8   	27   	27   	28   	36
9   	32   	33   	26   	32
10   	35   	40   	28   	36
11   	33   	38   	31   	33
12   	35   	38   	31   	35
13   	31   	36   	34   	36
14   	30   	35   	36   	32
15   	31   	32   	27   	33
16   	35   	29   	23   	29
P under K and K3
Round	DES0	DES1	DES2	DES3
0       0       0       0       0
1   	18   	18   	12   	12
2   	32   	32   	30   	20
3   	30   	27   	32   	16
4   	33   	30   	32   	22
5   	37   	35   	36   	24
6   	34   	37   	34   	22
7   	33   	34   	30   	30
8   	37   	30   	31   	31
9   	35   	29   	33   	27
10   	39   	31   	29   	29
11   	41   	36   	27   	29
12   	38   	34   	34   	30
13   	36   	28   	37   	29
14   	34   	30   	30   	28
15   	28   	31   	31   	27
16   	31   	30   	31   	23
P under K and K4
Round	DES0	DES1	DES2	DES3
0       0       0       0       0
1   	16   	16   	12   	12
2   	35   	31   	30   	20
3   	30   	30   	32   	16
4   	27   	31   	33   	23
5   	29   	37   	36   	26
6   	31   	33   	33   	25
7   	33   	26   	28   	32
8   	30   	35   	26   	32
9   	30   	35   	29   	29
10   	28   	33   	24   	30
11   	31   	31   	25   	31
12   	33   	25   	32   	32
13   	34   	35   	35   	31
14   	35   	36   	32   	32
15   	31   	26   	30   	30
16   	34   	24   	35   	27
P under K and K5
Round	DES0	DES1	DES2	DES3
0       0       0       0       0
1   	16   	16   	13   	13
2   	32   	33   	33   	21
3   	33   	33   	36   	14
4   	33   	31   	34   	22
5   	29   	30   	36   	26
6   	30   	34   	33   	23
7   	36   	32   	30   	32
8   	37   	32   	32   	34
9   	39   	38   	33   	29
10   	39   	37   	28   	32
11   	30   	34   	26   	34
12   	25   	33   	34   	30
13   	30   	29   	37   	31
14   	36   	26   	37   	33
15   	38   	23   	41   	29
16   	37   	20   	36   	30
P under K and K6
Round	DES0	DES1	DES2	DES3
0       0       0       0       0
1   	18   	18   	12   	12
2   	31   	33   	31   	19
3   	31   	30   	34   	16
4   	34   	31   	33   	23
5   	38   	30   	32   	22
6   	42   	27   	31   	23
7   	32   	31   	33   	31
8   	29   	36   	32   	28
9   	34   	35   	34   	30
10   	33   	34   	29   	33
11   	35   	34   	31   	29
12   	33   	33   	37   	33
13   	29   	32   	35   	33
14   	26   	26   	31   	33
15   	28   	28   	31   	35
16   	29   	34   	30   	34
P under K and K7
Round	DES0	DES1	DES2	DES3
0       0       0       0       0
1   	18   	18   	12   	12
2   	33   	33   	29   	21
3   	31   	32   	29   	15
4   	36   	32   	29   	21
5   	31   	27   	33   	27
6   	23   	26   	33   	23
7   	29   	28   	32   	28
8   	30   	28   	31   	33
9   	29   	31   	29   	31
10   	33   	30   	28   	28
11   	35   	30   	35   	27
12   	28   	37   	36   	30
13   	25   	31   	38   	30
14   	32   	21   	32   	32
15   	35   	28   	21   	33
16   	30   	34   	26   	32
P under K and K8
Round	DES0	DES1	DES2	DES3
0       0       0       0       0
1   	18   	18   	12   	12
2   	34   	33   	30   	20
3   	35   	33   	31   	15
4   	30   	32   	30   	22
5   	27   	29   	33   	25
6   	32   	29   	33   	23
7   	27   	31   	31   	31
8   	29   	30   	30   	32
9   	32   	23   	33   	29
10   	28   	23   	29   	31
11   	29   	26   	26   	32
12   	35   	32   	31   	33
13   	37   	32   	40   	32
14   	37   	27   	36   	34
15   	36   	31   	27   	33
16   	34   	36   	28   	28
P under K and K9
Round	DES0	DES1	DES2	DES3
0       0       0       0       0
1   	20   	20   	13   	13
2   	36   	32   	32   	22
3   	30   	29   	32   	16
4   	30   	34   	30   	24
5   	32   	32   	34   	28
6   	32   	34   	37   	25
7   	37   	36   	34   	34
8   	35   	38   	28   	34
9   	32   	32   	32   	28
10   	35   	25   	35   	31
11   	35   	31   	33   	31
12   	35   	35   	30   	30
13   	36   	31   	31   	29
14   	35   	31   	31   	27
15   	32   	32   	29   	25
16   	33   	21   	34   	20
P under K and K10
Round	DES0	DES1	DES2	DES3
0       0       0       0       0
1   	17   	17   	12   	12
2   	34   	36   	31   	21
3   	28   	36   	32   	18
4   	21   	28   	27   	25
5   	30   	28   	30   	28
6   	35   	39   	32   	28
7   	28   	38   	31   	35
8   	28   	31   	28   	36
9   	30   	30   	29   	37
10   	34   	38   	29   	37
11   	35   	37   	28   	36
12   	25   	29   	28   	42
13   	22   	29   	30   	38
14   	29   	33   	28   	36
15   	30   	38   	25   	41
16   	29   	35   	25   	35
P under K and K11
Round	DES0	DES1	DES2	DES3
0       0       0       0       0
1   	18   	18   	12   	12
2   	35   	33   	29   	21
3   	35   	29   	30   	16
4   	31   	30   	34   	22
5   	24   	31   	36   	24
6   	30   	28   	34   	20
7   	30   	31   	37   	27
8   	28   	30   	32   	26
9   	35   	28   	27   	23
10   	29   	29   	28   	30
11   	24   	33   	27   	31
12   	21   	39   	26   	28
13   	24   	35   	29   	29
14   	28   	31   	30   	30
15   	32   	35   	34   	28
16   	40   	35   	34   	28
P under K and K12
Round	DES0	DES1	DES2	DES3
0       0       0       0       0
1   	18   	18   	12   	12
2   	34   	35   	30   	20
3   	35   	32   	32   	16
4   	32   	30   	31   	25
5   	28   	25   	37   	27
6   	26   	23   	36   	22
7   	32   	27   	29   	31
8   	33   	26   	29   	33
9   	26   	27   	35   	27
10   	28   	31   	37   	27
11   	33   	33   	35   	31
12   	35   	30   	34   	36
13   	33   	26   	41   	33
14   	35   	31   	38   	34
15   	34   	32   	29   	35
16   	36   	35   	31   	35
P under K and K13
Round	DES0	DES1	DES2	DES3
0       0       0       0       0
1   	18   	18   	13   	13
2   	32   	35   	31   	23
3   	32   	33   	31   	15
4   	36   	29   	29   	19
5   	36   	30   	37   	25
6   	34   	33   	32   	22
7   	33   	33   	27   	27
8   	31   	37   	31   	31
9   	31   	40   	28   	28
10   	34   	35   	25   	29
11   	30   	33   	30   	32
12   	33   	34   	33   	31
13   	38   	33   	29   	31
14   	35   	31   	30   	34
15   	31   	28   	31   	31
16   	34   	27   	26   	32
P under K and K14
Round	DES0	DES1	DES2	DES3
0       0       0       0       0
1   	16   	16   	11   	11
2   	28   	36   	28   	18
3   	33   	32   	27   	15
4   	31   	27   	26   	24
5   	21   	25   	28   	24
6   	22   	28   	27   	21
7   	28   	37   	32   	28
8   	29   	40   	35   	31
9   	30   	37   	35   	31
10   	36   	37   	33   	29
11   	33   	32   	33   	31
12   	32   	29   	34   	28
13   	29   	32   	33   	29
14   	33   	31   	34   	38
15   	39   	35   	32   	34
16   	33   	31   	29   	29
P under K and K15
Round	DES0	DES1	DES2	DES3
0       0       0       0       0
1   	19   	19   	11   	11
2   	35   	35   	27   	21
3   	35   	34   	29   	19
4   	31   	33   	29   	21
5   	24   	31   	33   	25
6   	23   	33   	36   	28
7   	28   	33   	33   	31
8   	39   	35   	31   	31
9   	35   	31   	37   	29
10   	26   	24   	36   	30
11   	30   	32   	29   	31
12   	32   	35   	26   	30
13   	34   	33   	26   	32
14   	33   	35   	26   	34
15   	35   	31   	30   	30
16   	42   	32   	30   	30
P under K and K16
Round	DES0	DES1	DES2	DES3
0       0       0       0       0
1   	18   	18   	12   	12
2   	34   	33   	30   	20
3   	35   	33   	31   	15
4   	30   	32   	30   	22
5   	27   	29   	33   	25
6   	32   	29   	33   	23
7   	27   	31   	31   	31
8   	29   	30   	30   	32
9   	32   	23   	33   	29
10   	28   	23   	29   	31
11   	29   	26   	26   	32
12   	35   	32   	31   	33
13   	37   	32   	40   	32
14   	37   	27   	36   	34
15   	36   	31   	27   	33
16   	34   	36   	28   	28
P under K and K17
Round	DES0	DES1	DES2	DES3
0       0       0       0       0
1   	17   	17   	12   	12
2   	31   	31   	31   	21
3   	30   	33   	31   	17
4   	34   	38   	30   	24
5   	36   	33   	33   	29
6   	31   	23   	31   	27
7   	33   	24   	34   	34
8   	32   	27   	34   	38
9   	29   	25   	32   	32
10   	30   	27   	32   	30
11   	25   	27   	28   	34
12   	28   	32   	28   	32
13   	29   	36   	33   	31
14   	28   	36   	31   	35
15   	31   	37   	30   	32
16   	29   	40   	30   	28
P under K and K18
Round	DES0	DES1	DES2	DES3
0       0       0       0       0
1   	17   	17   	13   	13
2   	30   	31   	33   	23
3   	27   	38   	34   	18
4   	27   	36   	34   	24
5   	28   	29   	35   	29
6   	35   	32   	33   	29
7   	33   	31   	34   	34
8   	29   	34   	34   	34
9   	34   	33   	36   	36
10   	37   	32   	29   	37
11   	32   	38   	31   	33
12   	23   	38   	37   	35
13   	26   	33   	35   	35
14   	33   	31   	31   	33
15   	37   	29   	29   	31
16   	32   	30   	32   	30
P under K and K19
Round	DES0	DES1	DES2	DES3
0       0       0       0       0
1   	20   	20   	13   	13
2   	31   	35   	29   	23
3   	27   	31   	30   	18
4   	35   	30   	30   	24
5   	40   	31   	32   	26
6   	36   	33   	33   	23
7   	28   	32   	29   	33
8   	29   	37   	28   	34
9   	28   	38   	34   	30
10   	31   	35   	31   	33
11   	33   	29   	25   	33
12   	32   	25   	27   	35
13   	34   	35   	33   	33
14   	31   	30   	34   	32
15   	33   	29   	28   	34
16   	36   	36   	23   	27
P under K and K20
Round	DES0	DES1	DES2	DES3
0       0       0       0       0
1   	18   	18   	12   	12
2   	33   	35   	29   	21
3   	31   	34   	30   	16
4   	31   	32   	29   	23
5   	33   	31   	35   	27
6   	27   	28   	40   	24
7   	28   	27   	37   	33
8   	31   	27   	33   	33
9   	31   	25   	32   	26
10   	32   	27   	29   	31
11   	32   	32   	32   	34
12   	35   	35   	36   	30
13   	30   	34   	39   	31
14   	29   	32   	40   	38
15   	37   	34   	33   	37
16   	42   	36   	34   	30
P under K and K21
Round	DES0	DES1	DES2	DES3
0       0       0       0       0
1   	16   	16   	13   	13
2   	29   	33   	30   	22
3   	35   	33   	30   	16
4   	34   	29   	29   	23
5   	27   	28   	30   	26
6   	33   	35   	29   	25
7   	32   	34   	27   	33
8   	30   	30   	27   	31
9   	36   	35   	25   	31
10   	36   	33   	23   	31
11   	35   	35   	28   	28
12   	31   	37   	29   	33
13   	27   	30   	31   	29
14   	25   	27   	33   	29
15   	26   	32   	26   	32
16   	39   	34   	28   	28
P under K and K22
Round	DES0	DES1	DES2	DES3
0       0       0       0       0
1   	16   	16   	12   	12
2   	33   	30   	29   	19
3   	39   	28   	29   	15
4   	39   	29   	28   	22
5   	29   	27   	31   	23
6   	28   	29   	32   	22
7   	30   	36   	32   	30
8   	30   	32   	33   	33
9   	30   	31   	32   	34
10   	36   	31   	25   	35
11   	44   	27   	22   	30
12   	39   	29   	27   	29
13   	33   	30   	32   	30
14   	35   	32   	32   	32
15   	31   	36   	30   	32
16   	30   	33   	28   	28
P under K and K23
Round	DES0	DES1	DES2	DES3
0       0       0       0       0
1   	16   	16   	11   	11
2   	33   	32   	30   	20
3   	32   	33   	32   	16
4   	36   	39   	28   	20
5   	36   	39   	31   	25
6   	35   	34   	34   	26
7   	31   	40   	34   	30
8   	27   	40   	35   	31
9   	28   	30   	36   	28
10   	30   	31   	33   	25
11   	34   	28   	30   	26
12   	28   	30   	29   	29
13   	29   	36   	29   	29
14   	32   	30   	23   	31
15   	34   	27   	22   	30
16   	37   	32   	25   	29
P under K and K24
Round	DES0	DES1	DES2	DES3
0       0       0       0       0
1   	18   	18   	12   	12
2   	34   	33   	30   	20
3   	35   	33   	31   	15
4   	30   	32   	30   	22
5   	27   	29   	33   	25
6   	32   	29   	33   	23
7   	27   	31   	31   	31
8   	29   	30   	30   	32
9   	32   	23   	33   	29
10   	28   	23   	29   	31
11   	29   	26   	26   	32
12   	35   	32   	31   	33
13   	37   	32   	40   	32
14   	37   	27   	36   	34
15   	36   	31   	27   	33
16   	34   	36   	28   	28
P under K and K25
Round	DES0	DES1	DES2	DES3
0       0       0       0       0
1   	17   	17   	13   	13
2   	32   	30   	32   	22
3   	32   	32   	31   	17
4   	33   	34   	28   	24
5   	35   	34   	36   	26
6   	40   	33   	40   	24
7   	39   	30   	30   	34
8   	37   	36   	24   	34
9   	33   	36   	29   	29
10   	30   	27   	29   	33
11   	33   	25   	30   	34
12   	34   	32   	30   	34
13   	33   	36   	32   	34
14   	31   	33   	37   	33
15   	36   	36   	35   	33
16   	33   	35   	28   	28
P under K and K26
Round	DES0	DES1	DES2	DES3
0       0       0       0       0
1   	18   	18   	13   	13
2   	34   	34   	33   	23
3   	30   	34   	34   	18
4   	30   	33   	31   	25
5   	30   	30   	34   	30
6   	33   	27   	37   	27
7   	32   	34   	31   	35
8   	31   	33   	28   	34
9   	35   	24   	31   	29
10   	39   	27   	25   	33
11   	37   	27   	25   	33
12   	31   	26   	27   	33
13   	35   	29   	32   	30
14   	36   	32   	28   	30
15   	30   	32   	17   	31
16   	32   	34   	25   	25
P under K and K27
Round	DES0	DES1	DES2	DES3
0       0       0       0       0
1   	18   	18   	13   	13
2   	30   	31   	33   	23
3   	28   	30   	37   	19
4   	36   	31   	33   	25
5   	40   	33   	32   	30
6   	37   	39   	33   	29
7   	32   	36   	31   	33
8   	35   	30   	33   	35
9   	39   	30   	38   	36
10   	35   	30   	33   	37
11   	30   	32   	30   	36
12   	28   	36   	34   	40
13   	32   	30   	37   	37
14   	36   	23   	36   	36
15   	33   	22   	35   	41
16   	27   	22   	35   	35
P under K and K28
Round	DES0	DES1	DES2	DES3
0       0       0       0       0
1   	15   	15   	11   	11
2   	33   	31   	29   	19
3   	36   	33   	29   	15
4   	33   	30   	27   	21
5   	26   	29   	30   	22
6   	28   	28   	32   	20
7   	33   	24   	31   	29
8   	32   	28   	24   	26
9   	32   	32   	24   	20
10   	32   	32   	31   	25
11   	33   	37   	37   	25
12   	33   	33   	35   	27
13   	37   	24   	33   	31
14   	35   	28   	36   	32
15   	31   	28   	39   	31
16   	32   	28   	34   	30
P under K and K29
Round	DES0	DES1	DES2	DES3
0       0       0       0       0
1   	16   	16   	12   	12
2   	38   	29   	31   	19
3   	40   	28   	34   	12
4   	35   	27   	31   	19
5   	33   	21   	33   	23
6   	29   	28   	31   	19
7   	35   	39   	33   	25
8   	36   	39   	31   	29
9   	39   	32   	29   	27
10   	43   	29   	29   	29
11   	36   	35   	28   	34
12   	31   	38   	28   	34
13   	30   	30   	32   	32
14   	32   	28   	32   	38
15   	30   	32   	27   	39
16   	33   	31   	30   	36
P under K and K30
Round	DES0	DES1	DES2	DES3
0       0       0       0       0
1   	15   	15   	11   	11
2   	27   	32   	27   	17
3   	27   	32   	33   	15
4   	33   	32   	32   	24
5   	30   	32   	28   	26
6   	27   	36   	30   	24
7   	36   	38   	37   	27
8   	38   	30   	38   	28
9   	35   	37   	33   	27
10   	34   	43   	30   	26
11   	31   	39   	31   	29
12   	33   	38   	34   	28
13   	37   	32   	40   	28
14   	36   	30   	39   	33
15   	29   	33   	33   	31
16   	26   	33   	30   	30
P under K and K31
Round	DES0	DES1	DES2	DES3
0       0       0       0       0
1   	18   	18   	12   	12
2   	30   	34   	29   	21
3   	29   	30   	32   	18
4   	35   	29   	31   	23
5   	37   	33   	33   	25
6   	36   	39   	33   	27
7   	34   	40   	29   	35
8   	35   	34   	30   	34
9   	32   	31   	36   	26
10   	32   	36   	32   	26
11   	31   	37   	29   	33
12   	24   	37   	33   	33
13   	25   	36   	36   	28
14   	38   	28   	35   	33
15   	39   	23   	30   	34
16   	31   	23   	30   	30
P under K and K32
Round	DES0	DES1	DES2	DES3
0       0       0       0       0
1   	18   	18   	12   	12
2   	34   	33   	30   	20
3   	35   	33   	31   	15
4   	30   	32   	30   	22
5   	27   	29   	33   	25
6   	32   	29   	33   	23
7   	27   	31   	31   	31
8   	29   	30   	30   	32
9   	32   	23   	33   	29
10   	28   	23   	29   	31
11   	29   	26   	26   	32
12   	35   	32   	31   	33
13   	37   	32   	40   	32
14   	37   	27   	36   	34
15   	36   	31   	27   	33
16   	34   	36   	28   	28
P under K and K33
Round	DES0	DES1	DES2	DES3
0       0       0       0       0
1   	20   	20   	12   	12
2   	31   	33   	30   	20
3   	25   	26   	32   	16
4   	29   	28   	33   	23
5   	31   	31   	33   	27
6   	37   	33   	29   	27
7   	34   	33   	26   	32
8   	30   	33   	28   	34
9   	36   	34   	35   	35
10   	35   	30   	37   	33
11   	39   	28   	36   	34
12   	39   	32   	33   	41
13   	30   	35   	29   	37
14   	28   	37   	26   	36
15   	27   	35   	31   	41
16   	32   	32   	33   	35
P under K and K34
Round	DES0	DES1	DES2	DES3
0       0       0       0       0
1   	19   	19   	13   	13
2   	30   	33   	30   	22
3   	26   	32   	30   	16
4   	35   	30   	30   	24
5   	40   	28   	34   	30
6   	35   	29   	35   	27
7   	35   	30   	33   	35
8   	35   	32   	36   	38
9   	29   	33   	38   	32
10   	32   	38   	28   	34
11   	38   	40   	27   	37
12   	34   	38   	37   	31
13   	31   	37   	39   	27
14   	28   	37   	33   	29
15   	27   	39   	33   	27
16   	34   	39   	33   	25
P under K and K35
Round	DES0	DES1	DES2	DES3
0       0       0       0       0
1   	17   	17   	13   	13
2   	31   	30   	30   	22
3   	29   	28   	32   	16
4   	34   	31   	31   	21
5   	35   	37   	30   	26
6   	33   	34   	32   	26
7   	33   	31   	35   	31
8   	33   	32   	34   	32
9   	27   	28   	30   	32
10   	30   	32   	26   	32
11   	36   	34   	27   	31
12   	31   	30   	31   	37
13   	36   	30   	34   	34
14   	31   	29   	32   	30
15   	20   	28   	26   	32
16   	22   	34   	29   	27
P under K and K36
Round	DES0	DES1	DES2	DES3
0       0       0       0       0
1   	16   	16   	11   	11
2   	33   	30   	29   	19
3   	38   	34   	31   	15
4   	36   	35   	32   	22
5   	31   	33   	36   	26
6   	36   	32   	35   	23
7   	36   	31   	28   	30
8   	35   	35   	25   	33
9   	34   	38   	36   	30
10   	32   	35   	37   	33
11   	31   	29   	28   	36
12   	29   	28   	30   	36
13   	33   	25   	32   	34
14   	35   	32   	29   	37
15   	35   	38   	25   	39
16   	31   	32   	25   	33
P under K and K37
Round	DES0	DES1	DES2	DES3
0       0       0       0       0
1   	17   	17   	13   	13
2   	32   	32   	30   	20
3   	31   	29   	30   	14
4   	31   	33   	32   	20
5   	31   	33   	36   	20
6   	33   	27   	37   	21
7   	34   	26   	35   	31
8   	29   	27   	34   	30
9   	35   	30   	35   	31
10   	42   	34   	29   	33
11   	34   	34   	32   	32
12   	33   	29   	36   	34
13   	38   	29   	33   	33
14   	39   	37   	27   	33
15   	37   	40   	35   	29
16   	31   	34   	42   	26
P under K and K38
Round	DES0	DES1	DES2	DES3
0       0       0       0       0
1   	18   	18   	13   	13
2   	36   	35   	30   	20
3   	37   	34   	29   	15
4   	33   	28   	30   	22
5   	30   	24   	30   	26
6   	34   	28   	28   	26
7   	32   	36   	32   	28
8   	25   	37   	33   	29
9   	29   	39   	31   	31
10   	36   	41   	27   	33
11   	28   	30   	28   	30
12   	24   	28   	27   	29
13   	34   	28   	26   	32
14   	40   	32   	23   	33
15   	39   	36   	24   	30
16   	34   	34   	35   	33
P under K and K39
Round	DES0	DES1	DES2	DES3
0       0       0       0       0
1   	18   	18   	11   	11
2   	33   	33   	28   	20
3   	33   	28   	29   	17
4   	33   	31   	29   	21
5   	31   	34   	35   	25
6   	33   	37   	36   	24
7   	37   	40   	33   	29
8   	41   	31   	27   	31
9   	38   	32   	25   	27
10   	29   	37   	27   	27
11   	31   	33   	30   	30
12   	38   	32   	32   	30
13   	36   	29   	35   	31
14   	34   	30   	37   	39
15   	33   	33   	32   	38
16   	33   	29   	33   	33
P under K and K40
Round	DES0	DES1	DES2	DES3
0       0       0       0       0
1   	18   	18   	12   	12
2   	34   	33   	30   	20
3   	35   	33   	31   	15
4   	30   	32   	30   	22
5   	27   	29   	33   	25
6   	32   	29   	33   	23
7   	27   	31   	31   	31
8   	29   	30   	30   	32
9   	32   	23   	33   	29
10   	28   	23   	29   	31
11   	29   	26   	26   	32
12   	35   	32   	31   	33
13   	37   	32   	40   	32
14   	37   	27   	36   	34
15   	36   	31   	27   	33
16   	34   	36   	28   	28
P under K and K41
Round	DES0	DES1	DES2	DES3
0       0       0       0       0
1   	18   	18   	12   	12
2   	34   	36   	29   	21
3   	32   	37   	32   	18
4   	31   	36   	31   	23
5   	30   	35   	31   	25
6   	31   	36   	33   	25
7   	35   	34   	31   	31
8   	39   	30   	26   	32
9   	36   	27   	32   	32
10   	32   	33   	38   	32
11   	29   	37   	39   	31
12   	26   	35   	32   	36
13   	29   	35   	34   	34
14   	31   	33   	42   	30
15   	34   	35   	41   	31
16   	38   	36   	37   	29
P under K and K42
Round	DES0	DES1	DES2	DES3
0       0       0       0       0
1   	20   	20   	12   	12
2   	35   	35   	30   	20
3   	33   	28   	30   	16
4   	30   	25   	28   	24
5   	28   	24   	30   	26
6   	33   	21   	31   	25
7   	30   	21   	32   	34
8   	27   	29   	32   	32
9   	30   	34   	33   	31
10   	30   	33   	30   	36
11   	29   	34   	22   	34
12   	30   	34   	25   	35
13   	31   	35   	38   	34
14   	33   	35   	34   	34
15   	37   	33   	28   	36
16   	33   	34   	31   	29
P under K and K43
Round	DES0	DES1	DES2	DES3
0       0       0       0       0
1   	18   	18   	12   	12
2   	37   	36   	31   	21
3   	32   	34   	32   	18
4   	31   	27   	32   	26
5   	31   	22   	34   	28
6   	27   	28   	33   	25
7   	31   	34   	33   	33
8   	31   	30   	31   	33
9   	32   	30   	27   	31
10   	36   	30   	29   	37
11   	34   	23   	35   	37
12   	33   	29   	36   	34
13   	33   	34   	34   	34
14   	35   	32   	26   	36
15   	32   	33   	30   	34
16   	28   	25   	37   	29
P under K and K44
Round	DES0	DES1	DES2	DES3
0       0       0       0       0
1   	16   	16   	11   	11
2   	31   	30   	28   	20
3   	30   	30   	32   	16
4   	26   	29   	32   	22
5   	29   	30   	32   	26
6   	35   	29   	34   	24
7   	26   	26   	33   	31
8   	21   	29   	31   	33
9   	28   	35   	34   	32
10   	30   	34   	36   	32
11   	33   	31   	34   	32
12   	38   	34   	29   	37
13   	37   	29   	30   	34
14   	34   	28   	37   	33
15   	30   	32   	37   	37
16   	25   	34   	35   	31
P under K and K45
Round	DES0	DES1	DES2	DES3
0       0       0       0       0
1   	16   	16   	12   	12
2   	30   	35   	29   	21
3   	31   	33   	29   	15
4   	25   	29   	29   	21
5   	29   	28   	31   	25
6   	35   	33   	26   	20
7   	26   	34   	23   	27
8   	30   	27   	28   	28
9   	29   	27   	36   	24
10   	24   	34   	36   	30
11   	31   	35   	41   	29
12   	36   	33   	38   	26
13   	33   	36   	33   	31
14   	28   	35   	30   	34
15   	27   	35   	27   	31
16   	33   	33   	33   	29
P under K and K46
Round	DES0	DES1	DES2	DES3
0       0       0       0       0
1   	18   	18   	12   	12
2   	35   	33   	31   	19
3   	30   	30   	31   	15
4   	29   	31   	28   	22
5   	33   	28   	31   	25
6   	30   	32   	33   	25
7   	29   	38   	30   	30
8   	33   	39   	29   	31
9   	31   	38   	32   	26
10   	27   	30   	29   	25
11   	31   	27   	30   	32
12   	35   	31   	27   	31
13   	33   	32   	32   	28
14   	36   	30   	37   	33
15   	34   	33   	34   	32
16   	31   	34   	38   	28
P under K and K47
Round	DES0	DES1	DES2	DES3
0       0       0       0       0
1   	14   	14   	12   	12
2   	35   	33   	29   	21
3   	37   	34   	31   	17
4   	32   	28   	29   	23
5   	30   	28   	31   	25
6   	31   	28   	32   	24
7   	39   	30   	34   	32
8   	39   	29   	34   	30
9   	35   	29   	31   	23
10   	39   	36   	32   	26
11   	33   	32   	33   	31
12   	28   	28   	30   	32
13   	32   	25   	33   	31
14   	31   	28   	32   	30
15   	35   	31   	27   	29
16   	40   	30   	31   	29
P under K and K48
Round	DES0	DES1	DES2	DES3
0       0       0       0       0
1   	18   	18   	12   	12
2   	34   	33   	30   	20
3   	35   	33   	31   	15
4   	30   	32   	30   	22
5   	27   	29   	33   	25
6   	32   	29   	33   	23
7   	27   	31   	31   	31
8   	29   	30   	30   	32
9   	32   	23   	33   	29
10   	28   	23   	29   	31
11   	29   	26   	26   	32
12   	35   	32   	31   	33
13   	37   	32   	40   	32
14   	37   	27   	36   	34
15   	36   	31   	27   	33
16   	34   	36   	28   	28
P under K and K49
Round	DES0	DES1	DES2	DES3
0       0       0       0       0
1   	19   	19   	13   	13
2   	34   	35   	31   	23
3   	31   	30   	31   	17
4   	29   	29   	31   	23
5   	32   	30   	35   	29
6   	37   	29   	31   	25
7   	28   	28   	30   	30
8   	21   	30   	33   	35
9   	23   	35   	32   	30
10   	28   	32   	31   	31
11   	35   	29   	27   	39
12   	32   	34   	29   	37
13   	28   	36   	36   	32
14   	35   	36   	31   	35
15   	30   	34   	30   	34
16   	25   	32   	36   	28
P under K and K50
Round	DES0	DES1	DES2	DES3
0       0       0       0       0
1   	18   	18   	12   	12
2   	36   	31   	30   	20
3   	37   	31   	30   	16
4   	38   	31   	29   	25
5   	38   	28   	34   	28
6   	32   	26   	34   	26
7   	29   	30   	31   	35
8   	26   	40   	23   	37
9   	26   	36   	29   	35
10   	32   	30   	31   	37
11   	29   	32   	28   	38
12   	31   	32   	35   	39
13   	34   	32   	36   	36
14   	33   	29   	34   	36
15   	35   	28   	35   	39
16   	32   	31   	35   	35
P under K and K51
Round	DES0	DES1	DES2	DES3
0       0       0       0       0
1   	17   	17   	13   	13
2   	32   	34   	32   	22
3   	32   	34   	34   	16
4   	29   	32   	32   	24
5   	26   	28   	35   	27
6   	29   	27   	33   	23
7   	27   	29   	32   	32
8   	28   	30   	35   	33
9   	32   	26   	36   	30
10   	35   	28   	34   	32
11   	35   	30   	32   	30
12   	25   	30   	27   	31
13   	25   	34   	28   	30
14   	32   	32   	33   	25
15   	31   	32   	36   	22
16   	32   	36   	35   	19
P under K and K52
Round	DES0	DES1	DES2	DES3
0       0       0       0       0
1   	18   	18   	12   	12
2   	36   	33   	29   	21
3   	34   	31   	31   	17
4   	34   	31   	34   	22
5   	33   	33   	36   	26
6   	33   	27   	32   	26
7   	33   	28   	33   	31
8   	29   	36   	30   	32
9   	33   	34   	27   	33
10   	37   	33   	26   	34
11   	34   	32   	24   	32
12   	31   	33   	27   	37
13   	28   	34   	32   	36
14   	27   	27   	29   	33
15   	30   	27   	30   	36
16   	33   	28   	36   	30
P under K and K53
Round	DES0	DES1	DES2	DES3
0       0       0       0       0
1   	14   	14   	13   	13
2   	32   	31   	32   	22
3   	33   	32   	31   	17
4   	33   	28   	28   	20
5   	35   	32   	34   	20
6   	30   	35   	33   	23
7   	26   	37   	34   	30
8   	23   	40   	38   	30
9   	27   	35   	33   	31
10   	33   	32   	27   	31
11   	30   	35   	27   	31
12   	31   	39   	34   	34
13   	33   	36   	39   	35
14   	29   	29   	40   	34
15   	29   	28   	34   	30
16   	35   	28   	26   	30
P under K and K54
Round	DES0	DES1	DES2	DES3
0       0       0       0       0
1   	16   	16   	13   	13
2   	33   	32   	33   	19
3   	34   	31   	37   	13
4   	29   	32   	32   	22
5   	33   	36   	33   	23
6   	38   	36   	34   	20
7   	38   	36   	33   	27
8   	39   	35   	38   	28
9   	38   	33   	37   	29
10   	36   	30   	31   	33
11   	33   	27   	30   	34
12   	29   	27   	33   	33
13   	31   	33   	35   	33
14   	36   	41   	35   	39
15   	32   	41   	34   	38
16   	30   	34   	33   	37
P under K and K55
Round	DES0	DES1	DES2	DES3
0       0       0       0       0
1   	18   	18   	11   	11
2   	34   	35   	27   	21
3   	27   	33   	30   	18
4   	23   	34   	29   	21
5   	24   	39   	35   	27
6   	29   	37   	41   	25
7   	30   	32   	35   	27
8   	32   	35   	32   	32
9   	29   	32   	35   	31
10   	25   	30   	31   	29
11   	33   	35   	33   	29
12   	34   	35   	32   	28
13   	34   	37   	33   	29
14   	31   	37   	35   	33
15   	24   	38   	27   	29
16   	29   	38   	28   	28
P under K and K56
Round	DES0	DES1	DES2	DES3
0       0       0       0       0
1   	18   	18   	12   	12
2   	34   	33   	30   	20
3   	35   	33   	31   	15
4   	30   	32   	30   	22
5   	27   	29   	33   	25
6   	32   	29   	33   	23
7   	27   	31   	31   	31
8   	29   	30   	30   	32
9   	32   	23   	33   	29
10   	28   	23   	29   	31
11   	29   	26   	26   	32
12   	35   	32   	31   	33
13   	37   	32   	40   	32
14   	37   	27   	36   	34
15   	36   	31   	27   	33
16   	34   	36   	28   	28
P under K and K57
Round	DES0	DES1	DES2	DES3
0       0       0       0       0
1   	21   	21   	13   	13
2   	38   	38   	31   	21
3   	33   	38   	30   	16
4   	33   	37   	32   	24
5   	31   	36   	33   	25
6   	33   	38   	31   	21
7   	38   	36   	35   	29
8   	36   	33   	26   	28
9   	36   	38   	22   	24
10   	35   	39   	25   	27
11   	29   	32   	28   	26
12   	27   	32   	35   	27
13   	29   	30   	35   	27
14   	32   	25   	31   	23
15   	32   	29   	30   	20
16   	33   	32   	29   	19
P under K and K58
Round	DES0	DES1	DES2	DES3
0       0       0       0       0
1   	18   	18   	12   	12
2   	33   	32   	31   	21
3   	29   	35   	31   	17
4   	30   	37   	31   	23
5   	32   	31   	35   	27
6   	33   	29   	32   	28
7   	37   	36   	27   	33
8   	33   	44   	27   	33
9   	28   	34   	32   	34
10   	37   	30   	28   	32
11   	39   	36   	33   	31
12   	34   	33   	37   	37
13   	32   	27   	35   	33
14   	32   	29   	36   	30
15   	34   	31   	35   	33
16   	35   	29   	34   	28
P under K and K59
Round	DES0	DES1	DES2	DES3
0       0       0       0       0
1   	17   	17   	12   	12
2   	30   	33   	29   	21
3   	21   	37   	32   	18
4   	18   	34   	30   	26
5   	27   	29   	33   	29
6   	33   	32   	40   	26
7   	31   	37   	35   	33
8   	32   	37   	31   	31
9   	32   	30   	36   	28
10   	37   	34   	30   	36
11   	38   	38   	26   	38
12   	28   	31   	26   	36
13   	29   	29   	32   	36
14   	33   	30   	32   	38
15   	29   	30   	28   	36
16   	28   	37   	30   	32
P under K and K60
Round	DES0	DES1	DES2	DES3
0       0       0       0       0
1   	16   	16   	11   	11
2   	32   	28   	28   	20
3   	34   	31   	31   	15
4   	30   	34   	32   	22
5   	27   	27   	35   	27
6   	36   	28   	31   	23
7   	35   	32   	31   	31
8   	31   	33   	32   	34
9   	34   	33   	30   	30
10   	31   	34   	36   	34
11   	29   	34   	35   	37
12   	32   	33   	29   	35
13   	34   	32   	28   	36
14   	28   	25   	29   	39
15   	27   	24   	32   	36
16   	29   	28   	35   	33
P under K and K61
Round	DES0	DES1	DES2	DES3
0       0       0       0       0
1   	18   	18   	12   	12
2   	34   	33   	30   	20
3   	35   	33   	31   	15
4   	30   	32   	30   	22
5   	27   	29   	33   	25
6   	32   	29   	33   	23
7   	27   	31   	31   	31
8   	29   	30   	30   	32
9   	32   	23   	33   	29
10   	28   	23   	29   	31
11   	29   	26   	26   	32
12   	35   	32   	31   	33
13   	37   	32   	40   	32
14   	37   	27   	36   	34
15   	36   	31   	27   	33
16   	34   	36   	28   	28
P under K and K62
Round	DES0	DES1	DES2	DES3
0       0       0       0       0
1   	16   	16   	11   	11
2   	31   	36   	28   	18
3   	34   	34   	31   	15
4   	29   	29   	29   	21
5   	29   	29   	30   	24
6   	37   	31   	27   	25
7   	36   	36   	27   	29
8   	31   	35   	31   	27
9   	28   	33   	31   	23
10   	31   	32   	32   	26
11   	33   	33   	30   	28
12   	30   	37   	27   	23
13   	32   	34   	33   	29
14   	37   	32   	40   	34
15   	36   	27   	37   	27
16   	32   	26   	28   	32
P under K and K63
Round	DES0	DES1	DES2	DES3
0       0       0       0       0
1   	20   	20   	11   	11
2   	38   	40   	30   	20
3   	37   	38   	32   	16
4   	35   	32   	30   	22
5   	35   	30   	30   	26
6   	35   	34   	30   	22
7   	29   	33   	33   	27
8   	25   	26   	30   	30
9   	24   	30   	34   	28
10   	25   	32   	36   	28
11   	33   	33   	33   	29
12   	37   	36   	34   	32
13   	27   	33   	36   	34
14   	26   	35   	36   	36
15   	29   	35   	35   	33
16   	28   	33   	37   	31
P under K and K64
Round	DES0	DES1	DES2	DES3
0       0       0       0       0
1   	18   	18   	12   	12
2   	34   	33   	30   	20
3   	35   	33   	31   	15
4   	30   	32   	30   	22
5   	27   	29   	33   	25
6   	32   	29   	33   	23
7   	27   	31   	31   	31
8   	29   	30   	30   	32
9   	32   	23   	33   	29
10   	28   	23   	29   	31
11   	29   	26   	26   	32
12   	35   	32   	31   	33
13   	37   	32   	40   	32
14   	37   	27   	36   	34
15   	36   	31   	27   	33
16   	34   	36   	28   	28